 gibbs p
 503433.894795537 134770.8495269488
 503433.894795537 134770.8495269488

 1402483.135077417 181353.12322326234
 1402483.135077417 181353.12322326234

 2285248.686465442 240335.51841892547
 2285248.686465472 240335.51841892547

 3152052.4075933695 314024.434670569
 3152052.4075933397 314024.434670569

 4003200.026773989 404956.57224912854
 4003200.026774019 404956.57224912854

 4838982.263733983 515896.12736229884
 4838982.263733953 515896.12736229884

 5659675.793335557 649830.5006913895
 5659675.793335587 649830.5006913895

 6465544.07048434 809964.9736504011
 6465544.070546687 809964.9736504011

 7256838.033777475 999716.7909934947
 7256838.033785462 999716.7909934947

 8033796.703662038 1222709.0575304683
 8033796.703669935 1222709.0575304683

 8796647.68899095 1482764.8153816888
 8796647.689065516 1482764.8153816888

 9545607.614014626 1783901.6243595036
 9545607.614218563 1783901.6243595036

 1.0280882476030827E7 2130326.922984198
 1.0280882476410896E7 2130326.922984198

 1.1002667942207336E7 2526434.4059959967
 1.1002667942207307E7 2526434.4059959967

 1.1711149592583656E7 2976801.620552501
 1.1711149592583716E7 2976801.620552501

 1.2406503114635587E7 3486188.9463986955
 1.2406503114635646E7 3486188.9463986955

 1.3088894453767985E7 4059540.1134083
 1.3088894453767926E7 4059540.1134083

 1.3758479922675312E7 4701984.384568421
 1.3758479922675252E7 4701984.384568421

 1.4415406271589637E7 5418840.529838394
 1.4415406271589607E7 5418840.529838394

 1.5059810720491111E7 6215622.715908516
 1.5059810721727014E7 6215622.715908516

 1.5691820953003794E7 7098048.427577372
 1.5691820954084128E7 7098048.427577372

 1.6311555072224408E7 8072048.595869198
 1.6311555073057234E7 8072048.595869198

 1.6919121515644014E7 9143780.051941393
 1.691912151617548E7 9143780.051941393

 1.7514618927691102E7 1.0319640528073542E7
 1.75146189279325E7 1.0319640528073542E7

 1.809813598625219E7 1.1606286418534081E7
 1.8098135986295402E7 1.1606286418534081E7

 1.866975117900315E7 1.3010653571768641E7
 1.866975117901358E7 1.3010653571768641E7

 1.922953252426675E7 1.453998143793052E7
 1.922953252444914E7 1.453998143793052E7

 1.9777537229916573E7 1.6201840962435815E7
 1.9777537230457127E7 1.6201840962435815E7

 2.0313811282449663E7 1.800416669747242E7
 2.031381128343764E7 1.800416669747242E7

 2.083838895672521E7 1.9955293702843122E7
 2.0838388958041668E7 1.9955293702843122E7

 2.1351292240736187E7 2.206399999999993E7
 2.1351292240736187E7 2.206399999999993E7

 503433.894795537 134770.8495269488
 525036.7577463388 1086385.1545427141
 546633.9309030771 2037999.4595584795
 568225.4383584261 2989613.7645742446
 589811.304022491 3941228.0695900097
 611391.5516251326 4892842.374605775
 632966.2047178149 5844456.67962154
 654535.2866756916 6796070.984637305
 676098.8206994534 7747685.28965307
 697656.8298177719 8699299.594668835
 719209.3368880749 9650913.8996846
 740756.3645994663 1.0602528204700366E7
 762297.9354743361 1.155414250971613E7
 783834.0718698502 1.2505756814731896E7
 805364.7959800363 1.3457371119747661E7
 826890.1298374534 1.4408985424763426E7
 848410.0953148007 1.5360599729779191E7
 869924.7141270638 1.6312214034794956E7
 891434.0078324676 1.726382833981072E7
 912937.9978349805 1.8215442644826487E7
 934436.7053853273 1.916705694984225E7
 955930.1515830159 2.0118671254858017E7
 977418.3573774099 2.1070285559873782E7
 998901.343569994 2.2021899864889547E7
 1020379.130815506 2.2973514169905312E7
 1041851.7396234274 2.3925128474921077E7
 1063319.1903595328 2.4876742779936843E7
 1084781.503247738 2.5828357084952608E7
 1106238.6983709335 2.6779971389968373E7
 1127690.795673132 2.7731585694984138E7
 1149137.8149600625 2.8683199999999903E7

 503433.894795537 134770.8495269488
 492928.1940012872 134321.61336185897
 482386.90969628096 133872.37719676914
 471809.8026871085 133423.14103167932
 461196.63136038184 132973.9048665895
 450547.1516495049 132524.66870149967
 439861.11700198054 132075.43253640985
 429138.27834481 131626.19637132002
 418378.3840506971 131176.9602062302
 407581.17990249395 130727.72404114038
 396746.4090577364 130278.48787605055
 385873.812012434 129829.25171096073
 374963.1265641153 129380.0155458709
 364014.0877741873 128930.77938078108
 353026.427929759 128481.54321569126
 341999.8765050769 128032.30705060143
 330934.1601214409 127583.07088551161
 319829.0025073886 127133.83472042179
 308684.12445768714 126684.59855533196
 297499.24379116297 126235.36239024214
 286274.07530912757 125786.12622515231
 275008.33075144887 125336.89006006249
 263701.7187527418 124887.65389497267
 252353.9447979033 124438.41772988284
 240964.711176306 123989.18156479302
 229533.7169353068 123539.9453997032
 218060.6578333974 123090.70923461337
 206545.2262915671 122641.47306952355
 194987.1113448739 122192.23690443372
 183385.99859195948 121743.0007393439
 171741.57014486194 121293.76457425408

 1402483.135077417 181353.12322326234
 1424238.695782721 1131414.6857824838
 1445987.9971234798 2081476.2483417052
 1467731.0671351552 3031537.8109009266
 1489467.9336274266 3981599.373460148
 1511198.6241878867 4931660.936019369
 1532923.1661835313 5881722.498578591
 1554641.5867641568 6831784.061137813
 1576353.9128646255 7781845.623697035
 1598060.1712073088 8731907.186256256
 1619760.38830477 9681968.748815477
 1641454.5904621482 1.0632030311374698E7
 1663142.8037794828 1.1582091873933919E7
 1684825.0541542768 1.253215343649314E7
 1706501.367283523 1.348221499905236E7
 1728171.768666327 1.4432276561611582E7
 1749836.283605814 1.5382338124170803E7
 1771494.9372118115 1.6332399686730023E7
 1793147.7544025779 1.7282461249289244E7
 1814794.7599073052 1.8232522811848465E7
 1836435.9782680273 1.9182584374407686E7
 1858071.4338419437 2.0132645936966907E7
 1879701.1508032084 2.108270749952613E7
 1901325.153145194 2.203276906208535E7
 1922943.4646821022 2.298283062464457E7
 1944556.1090519428 2.393289218720379E7
 1966163.1097171307 2.4882953749763012E7
 1987764.4899671674 2.5833015312322233E7
 2009360.272920549 2.6783076874881454E7
 2030950.481526494 2.7733138437440675E7
 2052535.138566494 2.8683199999999896E7

 1402483.135077417 181353.12322326234
 1366853.8850196302 179351.14460162874
 1330819.0805755854 177349.16597999513
 1294369.5148863792 175347.18735836152
 1257495.6639173627 173345.20873672792
 1220187.6717192829 171343.2301150943
 1182435.3348245025 169341.2514934607
 1144228.0857144296 167339.2728718271
 1105554.975292027 165337.2942501935
 1066404.6542871892 163335.31562855988
 1026765.3535148203 161333.33700692627
 986624.8629005849 159331.35838529267
 945970.509180516 157329.37976365906
 904789.1321725845 155327.40114202545
 863067.0595092177 153325.42252039185
 820790.0797086954 151323.44389875824
 777943.4134539068 149321.46527712463
 734511.6829323769 147319.48665549103
 690478.8790781796 145317.50803385742
 645828.3265422881 143315.5294122238
 600542.6461979747 141313.5507905902
 554603.7149719596 139311.5721689566
 507992.6227672398 137309.593547323
 460689.6262231171 135307.61492568938
 412674.09902766347 133305.63630405578
 363924.47847136855 131303.65768242217
 314418.207893908 129301.67906078856
 264131.6746404469 127299.70043915496
 213040.14310020208 125297.72181752135
 161117.68235102296 123295.74319588774
 108337.08788183331 121293.76457425414

 2285248.686465442 240335.51841892547
 2307157.1407025456 1188431.0011382916
 2329058.703812659 2136526.4838576578
 2350953.4084896445 3084621.9665770237
 2372841.2871484756 4032717.4492963897
 2394722.371927798 4980812.932015756
 2416596.6946935654 5928908.414735123
 2438464.287042916 6877003.897454489
 2460325.1803072095 7825099.380173855
 2482179.4055552483 8773194.862893222
 2504026.993596971 9721290.345612587
 2525867.9749861956 1.0669385828331953E7
 2547702.380024016 1.1617481311051318E7
 2569530.238762021 1.2565576793770684E7
 2591351.581004977 1.351367227649005E7
 2613166.4363140464 1.4461767759209415E7
 2634974.8340100646 1.540986324192878E7
 2656776.803175688 1.6357958724648146E7
 2678572.372658968 1.7306054207367513E7
 2700361.5710757375 1.825414969008688E7
 2722144.426812649 1.9202245172806244E7
 2743920.968029797 2.015034065552561E7
 2765691.222663164 2.1098436138244975E7
 2787455.2184275985 2.204653162096434E7
 2809212.9828194976 2.2994627103683706E7
 2830964.5431188345 2.3942722586403072E7
 2852709.9263921976 2.4890818069122437E7
 2874449.1594948173 2.5838913551841803E7
 2896182.269073546 2.678700903456117E7
 2917909.281569004 2.7735104517280534E7
 2939630.223217368 2.86831999999999E7

 2285248.686465472 240335.51841892547
 2230796.3272635937 236367.45995743643
 2175405.8279007673 232399.4014959474
 2119044.882065952 228431.34303445835
 2061679.4849450886 224463.2845729693
 2003273.8120304942 220495.22611148027
 1943790.0869241655 216527.16764999123
 1883188.436913997 212559.1091885022
 1821426.7349405885 208591.05072701315
 1758460.4263845682 204622.9922655241
 1694242.3388929367 200654.93380403507
 1628722.4732092917 196686.87534254603
 1561847.7726851106 192718.816881057
 1493561.8688115478 188750.75841956795
 1423804.7997123897 184782.6999580789
 1352512.6980766058 180814.64149658987
 1279617.4444605708 176846.58303510083
 1205046.2812442183 172878.5245736118
 1128721.381756276 168910.46611212275
 1050559.3681743145 164942.40765063372
 970470.7707122266 160974.34918914468
 888359.4193000197 157006.29072765564
 804121.7573848665 153038.2322661666
 717646.0655739009 149070.17380467756
 628811.5805187225 145102.11534318852
 537487.4916087091 141134.05688169948
 443531.79455524683 137165.99842021044
 346789.9766533673 133197.9399587214
 247093.50316160917 129229.88149723235
 144258.06757035851 125261.82303574329
 38081.56013378501 121293.76457425424

 3152052.4075933695 314024.434670569
 3174112.7026032805 1259663.620181547
 3196165.4051235914 2205302.805692525
 3218210.5533670783 3150941.991203503
 3240248.1851984262 4096581.1767144813
 3262278.3381391168 5042220.36222546
 3284301.0493717194 5987859.547736438
 3306316.3557450175 6933498.733247416
 3328324.293778062 7879137.918758394
 3350324.8996641636 8824777.104269372
 3372318.209276378 9770416.28978035
 3394304.258170545 1.0716055475291329E7
 3416283.081589937 1.1661694660802307E7
 3438254.7144696116 1.2607333846313285E7
 3460219.191439867 1.3552973031824263E7
 3482176.546830535 1.449861221733524E7
 3504126.8146747947 1.5444251402846219E7
 3526070.028712988 1.6389890588357197E7
 3548006.222396314 1.7335529773868173E7
 3569935.4288905263 1.828116895937915E7
 3591857.6810794473 1.922680814489013E7
 3613773.0115688443 2.0172447330401108E7
 3635681.452689469 2.1118086515912086E7
 3657583.036500931 2.2063725701423064E7
 3679477.7947948575 2.3009364886934042E7
 3701365.759097934 2.395500407244502E7
 3723246.960675895 2.4900643257956E7
 3745121.4305360913 2.5846282443466976E7
 3766989.1994307637 2.6791921628977954E7
 3788850.2978606224 2.7737560814488932E7
 3810704.75607723 2.868319999999991E7

 3152052.4075933397 314024.434670569
 3083234.791113436 307600.0790006919
 3012932.856835872 301175.72333081474
 2941082.6154533327 294751.3676609376
 2867615.8467291594 288327.01199106046
 2792459.7180859745 281902.6563211833
 2715536.3592229784 275478.30065130617
 2636762.386531949 269053.944981429
 2556048.370034158 262629.5893115519
 2473298.2342918515 256205.2336416747
 2388408.583232194 249780.87797179754
 2301267.93698436 243356.52230192037
 2211755.8666024804 236932.1666320432
 2119742.0098237693 230507.81096216603
 2025084.9476810396 224083.45529228885
 1927630.9176738858 217659.09962241168
 1827212.3341062665 211234.7439525345
 1723646.0798408985 204810.38828265734
 1616731.525740981 198386.03261278017
 1506248.2239869535 191961.676942903
 1391953.2086279094 185537.32127302582
 1273577.8202743828 179112.96560314865
 1150823.9505844712 172688.60993327148
 1023359.574477315 166264.2542633943
 890813.4015545547 159839.89859351714
 752768.429775238 153415.54292363997
 608754.119405657 146991.1872537628
 458236.81696760654 140566.83158388562
 300607.9375243485 134142.47591400845
 135169.24454119802 127718.12024413128
 -38885.67246893048 121293.7645742541

 4003200.026773989 404956.57224912854
 4025409.675417483 1347564.686507488
 4047610.9522837996 2290172.8007658473
 4069803.902139187 3232780.915024207
 4091988.569314897 4175389.029282566
 4114164.997713566 5117997.143540925
 4136333.2308154106 6060605.2577992845
 4158493.311684191 7003213.372057644
 4180645.282973349 7945821.486316003
 4202789.18693161 8888429.600574363
 4224925.065408766 9831037.714832723
 4247052.959861398 1.0773645829091083E7
 4269172.911358118 1.1716253943349443E7
 4291284.960585415 1.2658862057607803E7
 4313389.147852182 1.3601470171866164E7
 4335485.513095915 1.4544078286124524E7
 4357574.095886886 1.5486686400382884E7
 4379654.935433805 1.6429294514641244E7
 4401728.07058835 1.7371902628899604E7
 4423793.539850295 1.8314510743157964E7
 4445851.381371856 1.9257118857416324E7
 4467901.632962763 2.0199726971674684E7
 4489944.33209455 2.1142335085933045E7
 4511979.515905201 2.2084943200191405E7
 4534007.221203566 2.3027551314449765E7
 4556027.484473407 2.3970159428708125E7
 4578040.3418780565 2.4912767542966485E7
 4600045.829264402 2.5855375657224845E7
 4622043.982167006 2.6797983771483205E7
 4644034.835812092 2.7740591885741565E7

 4003200.026774019 404956.57224912854
 3923224.19221285 395501.1453266327
 3841260.9922320545 386045.7184041369
 3757211.9078699052 376590.29148164106
 3670970.9032149613 367134.86455914524
 3582423.6407081485 357679.4376366494
 3491446.5913004577 348224.0107141536
 3397906.022094041 338768.58379165776
 3301656.8406490088 329313.15686916193
 3202541.270892799 319857.7299466661
 3100387.3302997947 310402.3030241703
 2995007.071439594 300946.87610167445
 2886194.542740673 291491.4491791786
 2773723.412886381 282036.0222566828
 2657344.1899868846 272580.595334187
 2536780.9496420026 263125.16841169115
 2411727.463991612 253669.74148919532
 2281842.595140636 244214.3145666995
 2146744.778549105 234758.88764420367
 2006005.3717505038 225303.46072170784
 1859140.5762770772 215848.03379921202
 1705601.54898566 206392.6068767162
 1544762.1928472817 196937.17995422037
 1375903.9414215386 187481.75303172454
 1198196.6024897099 178026.3261092287
 1010673.9687954187 168570.8991867329
 812202.3809126914 159115.47226423706
 601439.6475319266 149660.04534174124
 376780.54071962833 140204.6184192454
 136283.23086374998 130749.19149674958

 4838982.263733983 515896.12736229884
 4861337.151452124 1454806.2564502193
 4883682.800811946 2393716.38553814
 4906019.264382303 3332626.51462606
 4928346.594186604 4271536.643713981
 4950664.8417108655 5210446.772801901
 4972974.0579122305 6149356.9018898215
 4995274.293226957 7088267.030977742
 5017565.597578704 8027177.160065662
 5039848.020385742 8966087.289153583
 5062121.610568821 9904997.418241505
 5084386.416558802 1.0843907547329426E7
 5106642.486303568 1.1782817676417347E7
 5128889.8672757745 1.2721727805505268E7
 5151128.606479287 1.366063793459319E7
 5173358.750456333 1.459954806368111E7
 5195580.3452941775 1.5538458192769032E7
 5217793.436631918 1.6477368321856953E7
 5239998.069666684 1.7416278450944874E7
 5262194.289160252 1.8355188580032796E7
 5284382.139445245 1.9294098709120717E7
 5306561.664430976 2.0233008838208638E7
 5328732.907609761 2.117191896729656E7
 5350895.912063003 2.211082909638448E7
 5373050.720466018 2.30497392254724E7
 5395197.375095069 2.3988649354560323E7
 5417335.9178317785 2.4927559483648244E7
 5439466.390169501 2.5866469612736166E7
 5461588.833217561 2.6805379741824087E7
 5483703.287707686 2.7744289870912008E7

 4838982.263733953 515896.12736229884
 4750197.148337066 502742.715269364
 4658980.957486719 489589.3031764292
 4565201.371441513 476435.89108349435
 4468714.954516888 463282.4789905595
 4369365.8740852475 450129.0668976247
 4266984.429560363 436975.65480468987
 4161385.3565056026 423822.24271175504
 4052365.8633087575 410668.8306188202
 3939703.3481630087 397515.4185258854
 3823152.731778711 384362.00643295055
 3702443.3254974484 371208.5943400157
 3577275.134183526 358055.1822470809
 3447314.466884613 344901.77015414607
 3312188.6936578155 331748.35806121124
 3171479.941155374 318594.9459682764
 3024717.4582947493 305441.5338753416
 2871368.3004750907 292288.12178240676
 2710825.867371261 279134.7096894719
 2542395.6720572114 265981.2975965371
 2365277.498020798 252827.88550360227
 2178542.7847572565 239674.47341066744
 1981105.6238797307 226521.06131773262
 1771685.0689716637 213367.6492247978
 1548755.4374732971 200214.23713186296
 1310479.699450612 187060.82503892813
 1054618.5385369062 173907.4129459933
 778403.5769332349 160754.00085305847
 478356.35746625066 147600.58876012365
 150022.60384055972 134447.17666718882
 -212430.78380796313 121293.76457425399

 5659675.793335557 649830.5006913895
 5682169.977737248 1584276.1506683403
 5704653.959343672 2518721.800645291
 5727127.800039232 3453167.4506222415
 5749591.561021268 4387613.100599192
 5772045.302811146 5322058.750576143
 5794489.085264862 6256504.400553094
 5816922.967585027 7190950.050530045
 5839347.008330464 8125395.700506996
 5861761.265427589 9059841.350483947
 5884165.796179712 9994287.000460897
 5906560.657277703 1.0928732650437847E7
 5928945.904809296 1.1863178300414797E7
 5951321.594269097 1.2797623950391747E7
 5973687.780567229 1.3732069600368697E7
 5996044.518039525 1.4666515250345647E7
 6018391.860455453 1.5600960900322597E7
 6040729.86102742 1.6535406550299548E7
 6063058.572419584 1.7469852200276498E7
 6085378.046755612 1.8404297850253448E7
 6107688.335627496 1.9338743500230398E7
 6129989.490103543 2.027318915020735E7
 6152281.560735762 2.12076348001843E7
 6174564.597568333 2.214208045016125E7
 6196838.6501451135 2.30765261001382E7
 6219103.767516434 2.401097175011515E7
 6241359.998247147 2.49454174000921E7
 6263607.390423238 2.587986305006905E7
 6285845.991659343 2.6814308700046E7
 6308075.849105239 2.774875435002295E7
 6330297.009452581 2.86831999999999E7

 5659675.793335587 649830.5006913895
 5563835.467431247 632212.609487485
 5465179.0514905155 614594.7182835805
 5363542.909853011 596976.827079676
 5258748.696870267 579358.9358757715
 5150601.539331526 561741.0446718669
 5038887.929188073 544123.1534679624
 4923373.2693375945 526505.2622640579
 4803799.001583397 508887.37106015335
 4679879.22839126 491269.4798562488
 4551296.717454523 473651.5886523443
 4417698.14861089 456033.6974484398
 4278688.423884183 438415.80624453526
 4133823.8099251688 420797.91504063073
 3982603.6129864454 403180.0238367262
 3824459.9926829636 385562.1326328217
 3658745.3917431533 367944.24142891716
 3484716.8791773617 350326.35022501263
 3301516.4502028823 332708.4590211081
 3108145.9614027143 315090.5678172036
 2903434.8464900255 297472.67661329906
 2685997.9640609026 279854.78540939454
 2454179.720790714 262236.89420549
 2205978.7318826616 244619.0030015855
 1938944.2705611587 227001.11179768096
 1650030.796667397 209383.22059377644
 1335388.3907120526 191765.3293898719
 990051.902031362 174147.4381859674
 607463.7206109762 156529.54698206286
 178710.36254787445 138911.65577815834

 6465544.07048434 809964.9736504011
 6488169.572851777 1739072.8078620515
 6510783.798196673 2668180.642073702
 6533386.819557488 3597288.4762853524
 6555978.709103107 4526396.310497003
 6578559.538147807 5455504.144708653
 6601129.377167106 6384611.978920303
 6623688.295811713 7313719.813131954
 6646236.362922609 8242827.647343604
 6668773.646544635 9171935.481555255
 6691300.213940501 1.0101043315766906E7
 6713816.131603956 1.1030151149978558E7
 6736321.465273142 1.1959258984190209E7
 6758816.279943228 1.288836681840186E7
 6781300.639879048 1.3817474652613511E7
 6803774.608627379 1.4746582486825163E7
 6826238.249028623 1.5675690321036814E7
 6848691.623228848 1.6604798155248465E7
 6871134.792690992 1.7533905989460114E7
 6893567.818206251 1.8463013823671766E7
 6915990.759904742 1.9392121657883417E7
 6938403.677266479 2.0321229492095068E7
 6960806.629131794 2.125033732630672E7
 6983199.673711419 2.217944516051837E7
 7005582.868596554 2.310855299473002E7
 7027956.27076906 2.4037660828941673E7
 7050319.936610103 2.4966768663153324E7
 7072673.921911061 2.5895876497364976E7
 7095018.281881094 2.6824984331576627E7
 7117353.071157455 2.7754092165788278E7

 6465544.070546687 809964.9736504011
 6363986.180222869 787009.2666811962
 6259279.034253359 764053.5597119912
 6151230.79531008 741097.8527427863
 6039631.510717869 718142.1457735813
 5924250.75763467 695186.4388043764
 5804834.892705798 672230.7318351715
 5681103.82369256 649275.0248659665
 5552747.199773341 626319.3178967616
 5419419.8901952505 603363.6109275566
 5280736.585540503 580407.9039583517
 5136265.30901888 557452.1969891468
 4985519.562562823 534496.4900199418
 4827948.747846156 511540.78305073694
 4662926.386568099 488585.07608153205
 4489735.5039233565 465629.3691123272
 4307550.313793659 442673.6621431223
 4115413.0226425827 419717.9551739174
 3912204.1026105583 396762.2482047125
 3696603.6949884593 373806.54123550764
 3467040.7656903863 350850.83426630276
 3221625.030708045 327895.1272970979
 2958054.132240534 304939.420327893
 2673484.415405661 281983.7133586881
 2364346.7086467445 259028.0063894832
 2026076.3856336176 236072.2994202783
 1652704.8893402815 213116.59245107337
 1236217.5361626744 190160.88548186846
 765496.1407213211 167205.17851266355
 224475.86855086684 144249.47154345864

 7256838.033777475 999716.7909934947
 7279584.621198654 1922499.564627042
 7302318.734055698 2845282.338260589
 7325040.458782911 3768065.1118941363
 7347749.880709052 4690847.885527683
 7370447.08407861 5613630.659161231
 7393132.15207243 6536413.432794778
 7415805.16682744 7459196.206428325
 7438466.209456801 8381978.980061872
 7461115.360068321 9304761.753695419
 7483752.69778353 1.0227544527328966E7
 7506378.30075562 1.1150327300962513E7
 7528992.24618727 1.207311007459606E7
 7551594.610347748 1.2995892848229608E7
 7574185.468589842 1.3918675621863155E7
 7596764.895366311 1.4841458395496702E7
 7619332.964245856 1.5764241169130249E7
 7641889.747928798 1.6687023942763796E7
 7664435.318262458 1.7609806716397345E7
 7686969.746255815 1.8532589490030892E7
 7709493.102094591 1.945537226366444E7
 7732005.455154836 2.0378155037297986E7
 7754506.874017298 2.1300937810931534E7
 7776997.426481068 2.222372058456508E7
 7799477.179576576 2.3146503358198628E7
 7821946.199578345 2.4069286131832175E7
 7844404.552018762 2.4992068905465722E7
 7866852.3016988635 2.591485167909927E7
 7889289.512701929 2.6837634452732816E7
 7911716.2484045625 2.7760417226366363E7
 7934132.57148838 2.868319999999991E7

 7256838.033785462 999716.7909934947
 7150606.210122913 970436.0234461867
 7040935.402463347 941155.2558988787
 6927608.714476377 911874.4883515707
 6810388.002727717 882593.7208042627
 6689011.008362442 853312.9532569547
 6563187.987794399 824032.1857096467
 6432597.733580649 794751.4181623387
 6296882.848048329 765470.6506150307
 6155644.094685137 736189.8830677227
 6008433.602554649 706909.1155204147
 5854746.632382721 677628.3479731067
 5694011.522789478 648347.5804257987
 5525577.311587274 619066.8128784907
 5348698.355556637 589786.0453311827
 5162515.030642241 560505.2777838747
 4966029.249222994 531224.5102365667
 4758073.0289518535 501943.74268925865
 4537267.60356763 472662.97514195065
 4301969.440499812 443382.20759464265
 4050197.787810385 414101.44004733465
 3779535.6058054864 384820.67250002665
 3486991.213977903 355539.90495271864
 3168800.337011516 326259.13740541064
 2820134.809815705 296978.36985810264
 2434659.574612379 267697.60231079464
 2003832.0162445903 238416.8347634866
 1515739.8388034701 209136.06721617858
 953056.6689190567 179855.29966887055
 289165.2553572655 150574.53212156252
 -519962.2829835117 121293.76457425448

 8033796.703662038 1222709.0575304683
 8056651.65985024 2138058.755612783
 8079492.805239499 3053408.453695098
 8102320.242405057 3968758.1517774127
 8125134.0725108385 4884107.849859728
 8147934.395337522 5799457.547942042
 8170721.30931139 6714807.246024357
 8193494.911532044 7630156.944106672
 8216255.297798514 8545506.642188987
 8239002.56263566 9460856.340271302
 8261736.799319446 1.0376206038353616E7
 8284458.099901974 1.1291555736435931E7
 8307166.55523479 1.2206905434518246E7
 8329862.254992545 1.312225513260056E7
 8352545.287696123 1.4037604830682876E7
 8375215.740734279 1.495295452876519E7
 8397873.70038563 1.5868304226847505E7
 8420519.251839578 1.678365392492982E7
 8443152.479216576 1.7699003623012133E7
 8465773.465588868 1.8614353321094446E7
 8488382.292999148 1.952970301917676E7
 8510979.042479992 2.044505271725907E7
 8533563.794072568 2.1360402415341385E7
 8556136.626844287 2.2275752113423698E7
 8578697.618906796 2.319110181150601E7
 8601246.847433269 2.4106451509588324E7
 8623784.388674736 2.5021801207670636E7
 8646310.31797725 2.593715090575295E7
 8668824.709797084 2.6852500603835262E7
 8691327.637716651 2.7767850301917575E7
 8713819.17446065 2.868319999999989E7

 8033796.703669935 1222709.0575304683
 7923725.56676209 1185995.2144319278
 7809961.066520959 1149281.3713333872
 7692264.139900535 1112567.5282348467
 7570371.642204374 1075853.685136306
 7443993.00145483 1039139.8420377657
 7312806.270747811 1002425.9989392252
 7176453.443734676 965712.1558406848
 7034534.861756027 928998.3127421443
 6886602.492710441 892284.4696436039
 6732151.797007948 855570.6265450635
 6570611.808476418 818856.783446523
 6401332.938476801 782142.9403479826
 6223571.845799327 745429.0972494421
 6036472.48219496 708715.2541509017
 5839042.091493577 672001.4110523612
 5630120.458924651 635287.5679538208
 5408339.996268183 598573.7248552804
 5172073.17668888 561859.8817567399
 4919362.180549055 525146.0386581995
 4647823.000209779 488432.195559659
 4354511.999889702 451718.3524611185
 4035735.7810456157 415004.509362578
 3686772.7413226366 378290.6662640375
 3301452.024734378 341576.823165497
 2871492.1082601547 304862.9800669565
 2385412.8904122114 268149.136968416
 1826641.7196348906 231435.29386987552
 1169969.9455693066 194721.45077133505
 374265.0665744245 158007.60767279458
 -634616.4308584034 121293.7645742541

 8796647.68899095 1482764.8153816888
 8819595.571136892 2389445.988202296
 8842528.149992049 3296127.1610229034
 8865445.547651052 4202808.333843511
 8888347.884395719 5109489.506664118
 8911235.278735876 6016170.679484725
 8934107.847448707 6922851.852305332
 8956965.705616117 7829533.025125939
 8979808.966661632 8736214.197946547
 9002637.742386758 9642895.370767154
 9025452.143004835 1.0549576543587761E7
 9048252.277175426 1.1456257716408368E7
 9071038.25203669 1.2362938889228975E7
 9093810.173237264 1.3269620062049583E7
 9116568.144967616 1.417630123487019E7
 9139312.269989371 1.5082982407690797E7
 9162042.649665654 1.5989663580511404E7
 9184759.38398838 1.689634475333201E7
 9207462.571606338 1.780302592615262E7
 9230152.309852898 1.870970709897323E7
 9252828.69477117 1.961638827179384E7
 9275491.821139991 2.0523069444614448E7
 9298141.782498658 2.1429750617435057E7
 9320778.671171248 2.2336431790255666E7
 9343402.578290105 2.3243112963076275E7
 9366013.593818843 2.4149794135896884E7
 9388611.806574523 2.5056475308717493E7
 9411197.304249406 2.5963156481538102E7
 9433770.173432827 2.686983765435871E7
 9456330.499631107 2.777651882717932E7

 8796647.689065516 1482764.8153816888
 8683422.619485766 1437382.4470214408
 8566278.041838586 1392000.078661193
 8444955.267561585 1346617.710300945
 8319168.979016811 1301235.341940697
 8188603.447187275 1255852.9735804491
 8052908.052952975 1210470.6052202012
 7911691.952172637 1165088.2368599533
 7764517.680326104 1119705.8684997053
 7610893.433267236 1074323.5001394574
 7450263.680967182 1028941.1317792096
 7281997.662676662 983558.7634189618
 7105375.162447393 938176.395058714
 6919568.755088091 892794.0266984662
 6723621.416468084 847411.6583382183
 6516417.965295106 802029.2899779705
 6296648.177467912 756646.9216177227
 6062758.477691025 711264.5532574749
 5812887.681583881 665882.1848972271
 5544780.019663036 620499.8165369793
 5255665.066580057 575117.4481767315
 4942088.210529238 529735.0798164837
 4599665.001790196 484352.71145623585
 4222714.2828914225 438970.34309598804
 3803690.3830143213 393587.9747357402
 3332265.8829525113 348205.6063754924
 2793770.2104997337 302823.2380152446
 2166351.106136322 257440.8696549968
 1415355.6268647015 212058.50129474897
 480846.8129980862 166676.13293450116

 9545607.614014626 1783901.6243595036
 9568629.992201746 2680544.903547517
 9591635.398187459 3577188.1827355307
 9614623.97776246 4473831.461923544
 9637595.874378145 5370474.741111558
 9660551.229203165 6267118.020299572
 9683490.181177557 7163761.299487585
 9706412.86706543 8060404.578675599
 9729319.421506107 8957047.857863612
 9752209.977063596 9853691.137051625
 9775084.664274395 1.0750334416239638E7
 9797943.61169386 1.164697769542765E7
 9820786.94594115 1.2543620974615663E7
 9843614.7917431 1.3440264253803676E7
 9866427.271976173 1.4336907532991689E7
 9889224.507707894 1.5233550812179701E7
 9912006.618236303 1.6130194091367714E7
 9934773.721128523 1.702683737055573E7
 9957525.932259321 1.7923480649743743E7
 9980263.365845919 1.8820123928931758E7
 1.000298613448447E7 1.9716767208119772E7
 1.0025694349184573E7 2.0613410487307787E7
 1.0048388119401634E7 2.15100537664958E7
 1.0071067553070486E7 2.2406697045683816E7
 1.0093732756635964E7 2.330334032487183E7
 1.0116383835084796E7 2.4199983604059845E7
 1.0139020891973794E7 2.509662688324786E7
 1.016164402946043E7 2.5993270162435874E7
 1.0184253348330379E7 2.688991344162389E7
 1.020684894802475E7 2.7786556720811903E7

 9545607.614218563 1783901.6243595036
 9429807.328179806 1728481.362366662
 9309883.595504493 1673061.1003738202
 9185560.282702684 1617640.8383809784
 9056532.340603352 1562220.5763881367
 8922461.625767142 1506800.314395295
 8782971.938523442 1451380.0524024533
 8637643.094516665 1395959.7904096115
 8486003.79467982 1340539.5284167698
 8327522.989011735 1285119.266423928
 8161599.335444272 1229699.0044310864
 7987548.226244867 1174278.7424382446
 7804585.675658047 1118858.480445403
 7611808.111009121 1063438.2184525612
 7408166.750162452 1008017.9564597196
 7192434.726066351 952597.694466878
 6963164.346090674 897177.4324740364
 6718630.7056827545 841757.1704811947
 6456756.069676787 786336.9084883531
 6175006.569471538 730916.6464955115
 5870248.08619532 675496.3845026699
 5538540.296600789 620076.1225098283
 5174834.028035849 564655.8605169867
 4772511.751471609 509235.598524145
 4322662.247621626 453815.33653130336
 3812880.470410049 398395.0745384617
 3225162.663356304 342974.81254562
 2531930.4774900973 287554.55055277835
 1687747.7376925647 232134.2885599367
 609537.7144007981 176714.02656709502

 1.0280882476030827E7 2130326.922984198
 1.0303957650807142E7 3015422.692218055
 1.0327013984760702E7 3900518.4614519123
 1.0350051652576625E7 4785614.23068577
 1.0373070825902283E7 5670709.999919627
 1.0396071673427105E7 6555805.769153484
 1.0419054360959291E7 7440901.538387341
 1.044201905149901E7 8325997.307621199
 1.0464965905309618E7 9211093.076855056
 1.048789507998705E7 1.0096188846088912E7
 1.0510806730525851E7 1.0981284615322769E7
 1.053370100938356E7 1.1866380384556625E7
 1.0556578066543102E7 1.2751476153790481E7
 1.0579438049572527E7 1.3636571923024338E7
 1.0602281103683472E7 1.4521667692258194E7
 1.0625107371787548E7 1.540676346149205E7
 1.0647916994550526E7 1.6291859230725907E7
 1.06707101104455E7 1.7176954999959763E7
 1.069348685580349E7 1.806205076919362E7
 1.0716247364863515E7 1.8947146538427476E7
 1.0738991769820154E7 1.9832242307661332E7
 1.0761720200870574E7 2.071733807689519E7
 1.0784432786259115E7 2.1602433846129045E7
 1.080712965232116E7 2.24875296153629E7
 1.082981092352593E7 2.3372625384596758E7
 1.0852476722517192E7 2.4257721153830614E7
 1.0875127170153677E7 2.514281692306447E7
 1.089776238554728E7 2.6027912692298327E7
 1.0920382486101508E7 2.6913008461532183E7
 1.0942987587547362E7 2.779810423076604E7
 1.0965577803979099E7 2.8683199999999896E7

 1.0280882476410896E7 2130326.922984198
 1.0163009770198345E7 2063359.1510372001
 1.0040826837129623E7 1996391.379090202
 9914041.952299833 1929423.607143204
 9782332.416861564 1862455.8351962059
 9645340.020824492 1795488.0632492078
 9502665.642993331 1728520.2913022097
 9353862.7833412 1661552.5193552116
 9198429.76411441 1594584.7474082136
 9035800.256694794 1527616.9754612155
 8865331.683512509 1460649.2035142174
 8686290.896073014 1393681.4315672193
 8497836.323458701 1326713.6596202212
 8298995.4931874275 1259745.8876732232
 8088636.40581429 1192778.115726225
 7865430.629442275 1125810.343779227
 7627805.062652767 1058842.571832229
 7373877.916003257 991874.7998852308
 7101372.279910505 924907.0279382328
 6807497.148463249 857939.2559912347
 6488779.988500297 790971.4840442366
 6140825.056725055 724003.7120972385
 5757954.070200235 657035.9401502404
 5332653.023605257 590068.1682032424
 4854684.308706105 523100.3962562442
 4309587.247157395 456132.6243092461
 3675979.5238398015 389164.85236224794
 2920285.751880139 322197.0804152498
 1985239.8111742735 255229.30846825166
 760519.5607768297 188261.53652125353
 -1013590.6535990238 121293.76457425539

 1.1002667942207336E7 2526434.4059959967
 1.102577063479352E7 3398326.592462794
 1.1048852391115785E7 4270218.778929591
 1.107191342126447E7 5142110.965396388
 1.1094953931360662E7 6014003.151863186
 1.1117974123669088E7 6885895.338329983
 1.1140974196705818E7 7757787.52479678
 1.1163954345342994E7 8629679.711263577
 1.1186914760908604E7 9501571.897730373
 1.1209855631283164E7 1.037346408419717E7
 1.1232777140993416E7 1.1245356270663965E7
 1.125567947130096E7 1.2117248457130762E7
 1.1278562800289989E7 1.2989140643597558E7
 1.1301427302949667E7 1.3861032830064354E7
 1.132427315125519E7 1.473292501653115E7
 1.1347100514245689E7 1.5604817202997947E7
 1.1369909558098674E7 1.6476709389464743E7
 1.1392700446202934E7 1.734860157593154E7
 1.141547333922869E7 1.822049376239834E7
 1.143822839519459E7 1.9092385948865138E7
 1.1460965769533932E7 1.9964278135331936E7
 1.1483685615157604E7 2.0836170321798734E7
 1.150638808251518E7 2.1708062508265533E7
 1.1529073319653988E7 2.257995469473233E7
 1.1551741472276986E7 2.345184688119913E7
 1.1574392683797598E7 2.4323739067665927E7
 1.1597027095394135E7 2.5195631254132725E7
 1.161964484606111E7 2.6067523440599523E7
 1.1642246072660267E7 2.693941562706632E7
 1.1664830909968793E7 2.781130781353312E7

 1.1002667942207307E7 2526434.4059959967
 1.088317223237124E7 2446263.051281939
 1.0759192426711738E7 2366091.696567881
 1.063042278716889E7 2285920.341853823
 1.0496524738357484E7 2205748.987139765
 1.0357122005663693E7 2125577.6324257073
 1.0211794818026096E7 2045406.2777116492
 1.0060072950862288E7 1965234.922997591
 9901427.319084853 1885063.568283533
 9735259.741819859 1804892.2135694749
 9560890.37997359 1724720.8588554168
 9377542.18139261 1644549.5041413587
 9184321.43533802 1564378.1494273006
 8980193.206757307 1484206.7947132424
 8763949.942198455 1404035.4399991843
 8534170.835030437 1323864.0852851262
 8289168.480804563 1243692.7305710681
 8026917.732100993 1163521.37585701
 7744959.112190992 1083350.021142952
 7440265.023718774 1003178.6664288938
 7109050.108687341 923007.3117148357
 6746495.215032607 842835.9570007776
 6346332.962894738 762664.6022867195
 5900202.264372379 682493.2475726614
 5396597.605179995 602321.8928586033
 4819063.368697554 522150.53814454516
 4142871.284722239 441979.18343048706
 3328337.048016757 361807.82871642895
 2305635.795820594 281636.47400237084
 933554.0893457234 201465.11928831274
 -1151274.8734660149 121293.76457425464

 1.1711149592583656E7 2976801.620552501
 1.17342506008538E7 3833681.5665340815
 1.1757328318754435E7 4690561.512515662
 1.1780383000003457E7 5547441.458497243
 1.1803414893095016E7 6404321.404478824
 1.1826424241459906E7 7261201.3504604045
 1.1849411283620954E7 8118081.296441985
 1.1872376253341317E7 8974961.242423566
 1.1895319379767E7 9831841.188405147
 1.1918240887563765E7 1.0688721134386728E7
 1.1941140997047842E7 1.1545601080368308E7
 1.1964019924313128E7 1.240248102634989E7
 1.198687788135165E7 1.325936097233147E7
 1.2009715076170444E7 1.411624091831305E7
 1.2032531712903976E7 1.4973120864294631E7
 1.205532799192208E7 1.5830000810276212E7
 1.2078104109933496E7 1.6686880756257793E7
 1.2100860260086775E7 1.754376070223937E7
 1.2123596632065892E7 1.8400640648220953E7
 1.214631341218412E7 1.9257520594202533E7
 1.2169010783472657E7 2.0114400540184114E7
 1.2191688925768018E7 2.0971280486165695E7
 1.2214348015795112E7 2.1828160432147276E7
 1.2236988227247417E7 2.2685040378128856E7
 1.225960973086512E7 2.3541920324110437E7
 1.2282212694510221E7 2.4398800270092018E7
 1.2304797283238709E7 2.52556802160736E7
 1.232736365937084E7 2.611256016205518E7
 1.2349911982558787E7 2.696944010803676E7
 1.2372442409852505E7 2.782632005401834E7

 1.1711149592583716E7 2976801.620552501
 1.1590443736407101E7 2881618.0253532263
 1.1465089185501903E7 2786434.4301539515
 1.1334767550424576E7 2691250.8349546767
 1.1199125903608948E7 2596067.239755402
 1.1057771622734845E7 2500883.644556127
 1.0910266232685834E7 2405700.049356852
 1.0756118003392786E7 2310516.4541575774
 1.0594772989319742E7 2215332.8589583025
 1.0425604099652797E7 2120149.2637590277
 1.0247897655978054E7 2024965.6685597529
 1.0060836710951775E7 1929782.073360478
 9863480.14391005 1834598.4781612032
 9654736.181868643 1739414.8829619284
 9433328.461135328 1644231.2877626535
 9197751.956667751 1549047.6925633787
 8946214.917556554 1453864.097364104
 8676561.112806112 1358680.502164829
 8386163.788744658 1263496.9069655542
 8071778.012118757 1168313.3117662794
 7729330.120385528 1073129.7165670046
 7353609.114642143 977946.1213677296
 6937799.513495058 882762.5261684547
 6472746.62474063 787578.9309691797
 5945746.227795273 692395.3357699048
 5338433.546476513 597211.7405706298
 4622824.151639879 502028.14537135494
 3753144.74833107 406844.55017208005
 2646590.4961537123 311660.95497280516
 1128030.2572308779 216477.35977353028
 -1294492.2362947464 121293.76457425537

 1.2406503114635587E7 3486188.9463986955
 1.2429568926352799E7 4326089.314852069
 1.245260879711032E7 5165989.683305443
 1.2475623034733117E7 6005890.051758817
 1.2498611940113425E7 6845790.4202121915
 1.252157580744648E7 7685690.788665566
 1.2544514924453497E7 8525591.157118939
 1.2567429572595775E7 9365491.525572313
 1.25903200272789E7 1.0205391894025687E7
 1.2613186558048427E7 1.1045292262479061E7
 1.26360294287768E7 1.1885192630932435E7
 1.2658848897842348E7 1.272509299938581E7
 1.2681645218300879E7 1.3564993367839184E7
 1.270441863804984E7 1.4404893736292558E7
 1.2727169399986446E7 1.5244794104745932E7
 1.2749897742157936E7 1.6084694473199306E7
 1.2772603897907495E7 1.692459484165268E7
 1.2795288096012652E7 1.7764495210106052E7
 1.2817950560820103E7 1.8604395578559425E7
 1.2840591512372911E7 1.9444295947012797E7
 1.2863211166535199E7 2.028419631546617E7
 1.2885809735110164E7 2.112409668391954E7
 1.2908387425954938E7 2.1963997052372914E7
 1.2930944443089962E7 2.2803897420826286E7
 1.295348098680538E7 2.364379778927966E7
 1.297599725376302E7 2.448369815773303E7
 1.2998493437094212E7 2.5323598526186403E7
 1.3020969726495087E7 2.6163498894639775E7
 1.3043426308317363E7 2.7003399263093147E7
 1.3065863365656912E7 2.784329963154652E7
 1.308828107843852E7 2.8683199999999892E7

 1.2406503114635646E7 3486188.9463986955
 1.2284976240359396E7 3374025.773671214
 1.2158642118062079E7 3261862.6009437325
 1.202717091429457E7 3149699.428216251
 1.1890196688372105E7 3037536.2554887696
 1.1747311967416555E7 2925373.082761288
 1.1598061259489506E7 2813209.9100338067
 1.1441933245469123E7 2701046.737306325
 1.1278351313251436E7 2588883.564578844
 1.1106661993442684E7 2476720.3918513623
 1.0926120712536156E7 2364557.219123881
 1.0735874080668032E7 2252394.0463963994
 1.0534937650743067E7 2140230.873668918
 1.032216768452853E7 2028067.7009414365
 1.0096224877197117E7 1915904.528213955
 9855527.125238895 1803741.3554864735
 9598187.11006689 1691578.182758992
 9321928.43486455 1579415.0100315106
 9023970.81503594 1467251.8373040291
 8700869.519449115 1355088.6645765477
 8348285.277593523 1242925.4918490662
 7960645.060769886 1130762.3191215848
 7530625.061324447 1018599.1463941034
 7048330.799200296 906435.9736666221
 6499932.845279366 794272.8009391407
 5865257.0445249975 682109.6282116594
 5113190.741586864 569946.455484178
 4191992.480690688 457783.28275669663
 3005728.8953545094 345620.1100292152
 1343026.8248595297 233456.93730173382

 1.3088894453767985E7 4059540.1134083
 1.3111886806494147E7 4880328.776294687
 1.3134850225664228E7 5701117.439181074
 1.3157785086708426E7 6521906.10206746
 1.3180691755775183E7 7342694.764953847
 1.320357059007591E7 8163483.427840234
 1.3226421938212484E7 8984272.090726621
 1.3249246140488565E7 9805060.753613008
 1.3272043529206604E7 1.0625849416499395E7
 1.3294814428949624E7 1.1446638079385782E7
 1.3317559156850725E7 1.2267426742272168E7
 1.3340278022849083E7 1.3088215405158555E7
 1.336297132993552E7 1.3909004068044942E7
 1.338563937438485E7 1.4729792730931329E7
 1.3408282445980191E7 1.5550581393817715E7
 1.3430900828225672E7 1.6371370056704102E7
 1.3453494798550129E7 1.719215871959049E7
 1.3476064628502518E7 1.8012947382476877E7
 1.349861058393839E7 1.8833736045363266E7
 1.3521132925198615E7 1.9654524708249655E7
 1.3543631907280654E7 2.0475313371136043E7
 1.3566107780002952E7 2.129610203402243E7
 1.3588560788162112E7 2.211689069690882E7
 1.3610991171684086E7 2.293767935979521E7
 1.3633399165768832E7 2.3758468022681598E7
 1.3655785001030147E7 2.4579256685567986E7
 1.3678148903629035E7 2.5400045348454375E7
 1.3700491095402032E7 2.6220834011340763E7
 1.3722811793985337E7 2.7041622674227152E7
 1.3745111212933123E7 2.786241133711354E7

 1.3088894453767926E7 4059540.1134083
 1.2966922029530615E7 3928265.2351138317
 1.2839986860186309E7 3796990.3568193633
 1.2707748787990272E7 3665715.478524895
 1.256983007974124E7 3534440.6002304265
 1.2425809757134765E7 3403165.721935958
 1.227521680947575E7 3271890.8436414897
 1.2117522014145792E7 3140615.9653470214
 1.1952128008045137E7 3009341.087052553
 1.1778357141704172E7 2878066.2087580846
 1.1595436494532257E7 2746791.330463616
 1.1402479216341406E7 2615516.452169148
 1.1198461058942765E7 2484241.5738746794
 1.098219052918756E7 2352966.695580211
 1.0752270463458002E7 2221691.8172857426
 1.050704788400814E7 2090416.9389912745
 1.0244547569368392E7 1959142.0606968063
 9962382.548438787 1827867.1824023381
 9657631.176416725 1696592.30410787
 9326664.603749454 1565317.4258134018
 8964898.489885867 1434042.5475189337
 8566425.171286345 1302767.6692244655
 8123449.781952441 1171492.7909299973
 7625389.81548515 1040217.9126355292
 7057363.987693638 908943.034341061
 6397494.218367755 777668.1560465929
 5611689.892573804 646393.2777521247
 4642433.467344761 515118.3994576565
 3380739.373399079 383843.52116318827
 1577382.986129135 252568.64286872005

 1.3758479922675312E7 4701984.384568421
 1.378135529718867E7 5501358.238416137
 1.3804198347853243E7 6300732.092263853
 1.3827009535319656E7 7100105.946111569
 1.38497893076801E7 7899479.799959285
 1.387253810098207E7 8698853.653807001
 1.3895256339715391E7 9498227.507654717
 1.3917944437271744E7 1.0297601361502433E7
 1.394060279638049E7 1.109697521535015E7
 1.3963231809521437E7 1.1896349069197865E7
 1.398583185931623E7 1.2695722923045581E7
 1.4008403318900198E7 1.3495096776893297E7
 1.4030946552274525E7 1.4294470630741013E7
 1.4053461914642364E7 1.509384448458873E7
 1.4075949752727002E7 1.5893218338436445E7
 1.409841040507567E7 1.6692592192284161E7
 1.412084420234871E7 1.749196604613188E7
 1.4143251467594624E7 1.8291339899979595E7
 1.4165632516512483E7 1.909071375382731E7
 1.4187987657702595E7 1.9890087607675027E7
 1.4210317192905724E7 2.0689461461522743E7
 1.4232621417230785E7 2.148883531537046E7
 1.4254900619373769E7 2.2288209169218175E7
 1.4277155081825584E7 2.308758302306589E7
 1.42993850810723E7 2.3886956876913607E7
 1.4321590887785554E7 2.4686330730761323E7
 1.434377276700589E7 2.548570458460904E7
 1.43659309783175E7 2.6285078438456755E7
 1.4388065776016563E7 2.708445229230447E7
 1.4410177409271985E7 2.7883826146152187E7
 1.443226612228021E7 2.8683199999999903E7

 1.3758479922675252E7 4701984.384568421
 1.3636431963533014E7 4549294.6972352825
 1.3509265881693572E7 4396605.009902144
 1.3376632303794354E7 4243915.322569005
 1.3238142880114287E7 4091225.635235866
 1.3093364392460227E7 3938535.947902727
 1.2941811692525983E7 3785846.260569588
 1.278293918212244E7 3633156.5732364487
 1.2616130459786147E7 3480466.8859033096
 1.2440685640173972E7 3327777.1985701704
 1.2255805690134645E7 3175087.5112370313
 1.2060572898673892E7 3022397.823903892
 1.1853926277221352E7 2869708.136570753
 1.1634630225259423E7 2717018.449237614
 1.1401234121175647E7 2564328.761904475
 1.1152019490750074E7 2411639.0745713357
 1.0884929869910002E7 2258949.3872381966
 1.0597476080579013E7 2106259.6999050574
 1.028660579293862E7 1953570.0125719185
 9948519.890004069 1800880.3252387797
 9578407.26980874 1648190.6379056408
 9170050.339717686 1495500.9505725019
 8715217.289524585 1342811.263239363
 8202685.908885777 1190121.575906224
 7616593.41922608 1037431.8885730852
 6933463.100478202 884742.2012399463
 6116386.819404602 732052.5139068074
 5102308.581328154 579362.8265736685
 3769440.3971650302 426673.1392405296
 1829770.2482630014 273983.4519073907

 1.4415406271589637E7 5418840.529838394
 1.4438115302402437E7 6194319.178843779
 1.4460788151896358E7 6969797.827849163
 1.4483425389280796E7 7745276.476854547
 1.4506027566565007E7 8520755.125859931
 1.4528595219338447E7 9296233.774865314
 1.4551128867505074E7 1.0071712423870698E7
 1.4573629015972614E7 1.084719107287608E7
 1.4596096155302525E7 1.1622669721881464E7
 1.4618530762321591E7 1.2398148370886847E7
 1.4640933300699174E7 1.317362701989223E7
 1.4663304221492082E7 1.3949105668897614E7
 1.4685643963659137E7 1.4724584317902997E7
 1.4707952954547971E7 1.550006296690838E7
 1.4730231610355556E7 1.6275541615913764E7
 1.4752480336564451E7 1.7051020264919147E7
 1.4774699528356373E7 1.782649891392453E7
 1.4796889571003973E7 1.8601977562929913E7
 1.4819050840243697E7 1.9377456211935297E7
 1.4841183702629E7 2.015293486094068E7
 1.4863288515866458E7 2.0928413509946063E7
 1.4885365629135817E7 2.1703892158951446E7
 1.4907415383393973E7 2.247937080795683E7
 1.4929438111664921E7 2.3254849456962213E7
 1.495143413931626E7 2.4030328105967596E7
 1.4973403784321994E7 2.480580675497298E7
 1.4995347357514203E7 2.5581285403978363E7
 1.501726516282314E7 2.6356764052983746E7
 1.5039157497505933E7 2.713224270198913E7
 1.5061024652365953E7 2.7907721350994512E7
 1.5082866911962211E7 2.8683199999999896E7

 1.4415406271589607E7 5418840.529838394
 1.4293654373511672E7 5242255.637662923
 1.4166626012220502E7 5065670.745487452
 1.4033963792892873E7 4889085.85331198
 1.3895269969067961E7 4712500.961136509
 1.375010035123396E7 4535916.068961037
 1.3597956996625304E7 4359331.176785566
 1.3438279378858864E7 4182746.2846100945
 1.3270433644745976E7 4006161.392434623
 1.3093699441404253E7 3829576.5002591517
 1.2907253625649512E7 3652991.6080836803
 1.271014992860064E7 3476406.715908209
 1.2501293309567064E7 3299821.8237327375
 1.2279407245108902E7 3123236.931557266
 1.2042991483282149E7 2946652.0393817946
 1.1790266722597063E7 2770067.147206323
 1.1519101039360136E7 2593482.255030852
 1.1226910326030582E7 2416897.3628553804
 1.0910520883241683E7 2240312.470679909
 1.0565975473075092E7 2063727.5785044376
 1.0188252395978957E7 1887142.6863289662
 9770846.135190606 1710557.7941534948
 9305118.672916234 1533972.9019780234
 8779252.29956603 1357388.009802552
 8176468.452816397 1180803.1176270805
 7471793.072838128 1004218.2254516091
 6625662.347659051 827633.3332761377
 5569744.371256769 651048.4411006663
 4169823.302275747 474463.54892519495
 2098760.062297374 297878.6567497236

 1.5059810720491111E7 6215622.715908516
 1.508229750307718E7 6964541.958711563
 1.5104743690905184E7 7713461.201514609
 1.5127149993240952E7 8462380.444317656
 1.5149517095451206E7 9211299.687120702
 1.5171845660212964E7 9960218.929923749
 1.5194136328641713E7 1.0709138172726795E7
 1.5216389721345276E7 1.1458057415529842E7
 1.5238606439408213E7 1.2206976658332888E7
 1.5260787065314025E7 1.2955895901135935E7
 1.5282932163808852E7 1.3704815143938981E7
 1.5305042282712162E7 1.4453734386742027E7
 1.5327117953677535E7 1.5202653629545074E7
 1.5349159692908376E7 1.595157287234812E7
 1.5371168001831055E7 1.6700492115151167E7
 1.5393143367729425E7 1.744941135795421E7
 1.5415086264342189E7 1.8198330600757256E7
 1.5436997152427763E7 1.89472498435603E7
 1.545887648029676E7 1.9696169086363345E7
 1.5480724684316099E7 2.044508832916639E7
 1.5502542189385176E7 2.1194007571969435E7
 1.552432940938738E7 2.194292681477248E7
 1.554608674761793E7 2.2691846057575524E7
 1.55678145971888E7 2.344076530037857E7
 1.5589513341413945E7 2.4189684543181613E7
 1.5611183354174495E7 2.4938603785984658E7
 1.5632825000266016E7 2.5687523028787702E7
 1.5654438635728866E7 2.6436442271590747E7
 1.5676024608162314E7 2.718536151439379E7
 1.5697583257023573E7 2.7934280757196836E7
 1.571911491391328E7 2.868319999999988E7

 1.5059810721727014E7 6215622.715908516
 1.4938734489746094E7 6012478.417530707
 1.481221702451709E7 5809334.119152898
 1.4679894323016763E7 5606189.820775089
 1.454136062132594E7 5403045.52239728
 1.4396162132502288E7 5199901.224019471
 1.4243789517003E7 4996756.9256416615
 1.4083668772926569E7 4793612.627263852
 1.3915150137846082E7 4590468.328886043
 1.3737494464028776E7 4387324.030508234
 1.3549856349609077E7 4184179.7321304255
 1.3351263057688594E7 3981035.433752617
 1.3140587899656922E7 3777891.135374808
 1.2916516245874345E7 3574746.8369969996
 1.2677501573139518E7 3371602.538619191
 1.2421707829214603E7 3168458.2402413823
 1.2146932665641934E7 2965313.9418635736
 1.1850503376914918E7 2762169.643485765
 1.15291330079709E7 2559025.3451079563
 1.1178716810473561E7 2355881.0467301477
 1.0794036673336893E7 2152736.748352339
 1.0368318596215874E7 1949592.4499745304
 9892545.751394242 1746448.1515967217
 9354344.80488059 1543303.853218913
 8736081.653261214 1340159.5548411044
 8011379.929591119 1137015.2564632958
 7138177.434401661 933870.958085487
 6043138.152829349 730726.6597076782
 4580075.353945583 527582.3613298695
 2382883.396279961 324438.0629520607

 1.5691820953003794E7 7098048.427577372
 1.5714022222667158E7 7817553.4799914565
 1.5736177811340392E7 8537058.53240554
 1.575828861182329E7 9256563.584819624
 1.5780355483127356E7 9976068.637233708
 1.580237925239575E7 1.0695573689647792E7
 1.582436071667847E7 1.1415078742061876E7
 1.5846300644575983E7 1.213458379447596E7
 1.5868199777763397E7 1.2854088846890043E7
 1.5890058832405478E7 1.3573593899304127E7
 1.5911878500473738E7 1.4293098951718211E7
 1.593365945097217E7 1.5012604004132295E7
 1.5955402331080467E7 1.5732109056546379E7
 1.5977107767221987E7 1.6451614108960463E7
 1.5998776366061658E7 1.7171119161374547E7
 1.6020408715439945E7 1.7890624213788632E7
 1.604200538524869E7 1.8610129266202718E7
 1.6063566928252101E7 1.9329634318616804E7
 1.6085093880857766E7 2.004913937103089E7
 1.6106586763841957E7 2.0768644423444975E7
 1.6128046083031386E7 2.148814947585906E7
 1.614947232994631E7 2.2207654528273147E7
 1.6170865982405603E7 2.2927159580687232E7
 1.619222750509888E7 2.3646664633101318E7
 1.6213557350126088E7 2.4366169685515404E7
 1.6234855957508147E7 2.508567473792949E7
 1.6256123755669147E7 2.5805179790343575E7
 1.6277361161893994E7 2.652468484275766E7
 1.629856858276093E7 2.7244189895171747E7
 1.6319746414552748E7 2.7963694947585832E7

 1.5691820954084128E7 7098048.427577372
 1.5571814344789982E7 6865489.938810601
 1.5446191135439515E7 6632931.45004383
 1.5314582548223704E7 6400372.961277059
 1.5176576505082726E7 6167814.4725102885
 1.5031711238070607E7 5935255.983743518
 1.4879467580063075E7 5702697.494976747
 1.471925961392042E7 5470139.006209976
 1.4550423258423954E7 5237580.517443205
 1.4372202233679146E7 5005022.028676434
 1.4183730661714733E7 4772463.539909664
 1.3984011296499461E7 4539905.051142893
 1.377188800612533E7 4307346.562376122
 1.3546010593390584E7 4074788.073609351
 1.3304789251941234E7 3842229.5848425804
 1.3046334771224946E7 3609671.0960758096
 1.2768378787505984E7 3377112.6073090388
 1.2468165522996604E7 3144554.118542268
 1.214230183982855E7 2911995.629775497
 1.1786544736655295E7 2679437.1410087263
 1.1395492102421403E7 2446878.6522419555
 1.0962118542150319E7 2214320.1634751847
 1.0477052666224033E7 1981761.6747084141
 9927401.139676273 1749203.1859416435
 9294728.835777462 1516644.697174873
 8551344.664190322 1284086.2084081024
 7652837.041217715 1051527.7196413318
 6521135.701462328 818969.2308745612
 4998587.702717423 586410.7421077907
 2680680.1450196803 353852.2533410201

 1.6311555072224408E7 8072048.595869198
 1.6333399224617928E7 8759086.97600689
 1.6355191777734876E7 9446125.356144581
 1.6376933869618952E7 1.0133163736282272E7
 1.6398626589514792E7 1.0820202116419964E7
 1.6420270981008053E7 1.1507240496557655E7
 1.644186804489702E7 1.2194278876695346E7
 1.646341874182418E7 1.2881317256833037E7
 1.6484923994693518E7 1.3568355636970729E7
 1.650638469089371E7 1.425539401710842E7
 1.652780168434754E7 1.4942432397246111E7
 1.6549175797404766E7 1.5629470777383802E7
 1.6570507822591811E7 1.6316509157521494E7
 1.6591798524232954E7 1.7003547537659183E7
 1.6613048639954716E7 1.7690585917796873E7
 1.663425888208273E7 1.8377624297934562E7
 1.6655429938942283E7 1.906466267807225E7
 1.6676562476069689E7 1.975170105820994E7
 1.6697657137341827E7 2.043873943834763E7
 1.6718714546032041E7 2.112577781848532E7
 1.6739735305796951E7 2.181281619862301E7
 1.676072000160098E7 2.24998545787607E7
 1.6781669200582206E7 2.3186892958898388E7
 1.6802583452865362E7 2.3873931339036077E7
 1.6823463292325437E7 2.4560969719173767E7
 1.684430923730576E7 2.5248008099311456E7
 1.6865121791293412E7 2.5935046479449145E7
 1.688590144355622E7 2.6622084859586835E7
 1.6906648669742882E7 2.7309123239724524E7
 1.692736393244967E7 2.7996161619862214E7
 1.6948047681755662E7 2.8683199999999903E7

 1.6311555073057234E7 8072048.595869198
 1.6193033201471657E7 7807023.434826033
 1.606870344008118E7 7541998.273782868
 1.5938194813867092E7 7276973.112739703
 1.5801091208467871E7 7011947.951696537
 1.5656924930965126E7 6746922.790653372
 1.550516888554719E7 6481897.629610207
 1.5345227037739158E7 6216872.468567042
 1.5176422735859841E7 5951847.307523876
 1.4997984316614866E7 5686822.146480711
 1.480902722694853E7 5421796.985437546
 1.460853162213409E7 5156771.824394381
 1.439531401353246E7 4891746.663351215
 1.4167990980851829E7 4626721.50230805
 1.3924932141424537E7 4361696.341264885
 1.366419833376807E7 4096671.18022172
 1.3383459075240761E7 3831646.0191785553
 1.3079880365464479E7 3566620.8581353906
 1.2749969067904592E7 3301595.697092226
 1.238935201215738E7 3036570.536049061
 1.1992453935657054E7 2771545.375005896
 1.1552013029966474E7 2506520.2139627314
 1.1058324707761943E7 2241495.0529195666
 1.0498007251199633E7 1976469.8918764018
 9851873.400738418 1711444.730833237
 9090997.047573775 1446419.5697900723
 8168755.831062943 1181394.4087469075
 7002605.579685837 916369.2477037427
 5423952.590945572 651344.0866605779
 2990737.7559255064 386318.9256174131

 1.6919121515644014E7 9143780.051941393
 1.694052743572226E7 9795094.05021001
 1.6961874779450327E7 1.0446408048478628E7
 1.6983165020828277E7 1.1097722046747245E7
 1.7004399561461627E7 1.1749036045015862E7
 1.702557973589024E7 1.240035004328448E7
 1.7046706816397637E7 1.3051664041553097E7
 1.7067782017363757E7 1.3702978039821714E7
 1.7088806499213696E7 1.4354292038090331E7
 1.7109781372009873E7 1.5005606036358949E7
 1.713070769872722E7 1.5656920034627566E7
 1.715158649824536E7 1.6308234032896183E7
 1.7172418748088956E7 1.69595480311648E7
 1.719320538694173E7 1.7610862029433414E7
 1.721394731695807E7 1.826217602770203E7
 1.7234645405891776E7 1.8913490025970645E7
 1.7255300489060044E7 1.956480402423926E7
 1.727591337115842E7 2.0216118022507876E7
 1.7296484827941388E7 2.086743202077649E7
 1.7317015607780248E7 2.1518746019045107E7
 1.7337506433109105E7 2.2170060017313723E7
 1.7357958001770437E7 2.2821374015582338E7
 1.7378370988266587E7 2.3472688013850953E7
 1.7398746044928104E7 2.412400201211957E7
 1.7419083803003192E7 2.4775316010388184E7
 1.743938487367651E7 2.54266300086568E7
 1.7459649849022716E7 2.6077944006925415E7
 1.7479879302899152E7 2.672925800519403E7
 1.750007379178399E7 2.7380572003462646E7
 1.752023385556245E7 2.803188600173126E7
 1.7540360018265635E7 2.8683199999999877E7

 1.691912151617548E7 9143780.051941393
 1.6802528605383486E7 8843030.509029156
 1.6679913392912745E7 8542280.966116918
 1.6550906582189292E7 8241531.42320468
 1.641509127796954E7 7940781.880292442
 1.6271996656572282E7 7640032.337380203
 1.6121090147532165E7 7339282.794467965
 1.5961767808531493E7 7038533.251555727
 1.5793342461415231E7 6737783.708643489
 1.5615029006959498E7 6437034.16573125
 1.5425926132197678E7 6136284.622819012
 1.5224993340809703E7 5835535.079906774
 1.5011021835572988E7 5534785.5369945355
 1.4782597201969028E7 5234035.994082297
 1.453805098811981E7 4933286.451170059
 1.4275396992486268E7 4632536.908257821
 1.399224609664154E7 4331787.365345582
 1.3685690367384762E7 4031037.8224333446
 1.3352142102905095E7 3730288.2795211067
 1.2987105040931076E7 3429538.736608869
 1.2584840255805612E7 3128789.193696631
 1.213786264606601E7 2828039.6507843933
 1.1636153201914757E7 2527290.1078721555
 1.1065869766681314E7 2226540.5649599177
 1.0407116517290145E7 1925791.0220476796
 9629804.210399657 1625041.4791354416
 8685226.963871628 1324291.9362232035
 7486612.781589627 1023542.3933109655
 5854953.460848182 722792.8503987275
 3311719.5024014413 422043.3074864895

 1.7514618927691102E7 1.0319640528073542E7
 1.753549459781277E7 1.0931759177137755E7
 1.7556303315314144E7 1.1543877826201968E7
 1.7577047029619515E7 1.2155996475266181E7
 1.759772757896048E7 1.2768115124330394E7
 1.7618346699862838E7 1.3380233773394607E7
 1.7638906035565168E7 1.399235242245882E7
 1.765940714351684E7 1.4604471071523033E7
 1.7679851502079308E7 1.5216589720587246E7
 1.77002405165357E7 1.582870836965146E7
 1.772057552449578E7 1.6440827018715672E7
 1.7740857800772786E7 1.7052945667779885E7
 1.7761088561793745E7 1.76650643168441E7
 1.7781268969601125E7 1.827718296590831E7
 1.7801400135490328E7 1.8889301614972524E7
 1.782148312332505E7 1.9501420264036737E7
 1.784151895256546E7 2.011353891310095E7
 1.786150860104069E7 2.0725657562165163E7
 1.78814530074912E7 2.1337776211229376E7
 1.790135307390544E7 2.194989486029359E7
 1.792120966767159E7 2.2562013509357803E7
 1.794102362356177E7 2.3174132158422016E7
 1.7960795745565504E7 2.378625080748623E7
 1.798052680858621E7 2.439836945655044E7
 1.800021756001416E7 2.5010488105614655E7
 1.8019868721185982E7 2.5622606754678868E7
 1.8039480988741547E7 2.623472540374308E7
 1.805905503588727E7 2.6846844052807294E7
 1.807859151357323E7 2.7458962701871507E7
 1.809809105159226E7 2.807108135093572E7

 1.75146189279325E7 1.0319640528073542E7
 1.7400438365361243E7 9979695.635956898
 1.7279987707160234E7 9639750.743840255
 1.7152905510506183E7 9299805.851723611
 1.701877901240322E7 8959860.959606968
 1.687713826233524E7 8619916.067490324
 1.6727448557934105E7 8279971.175373682
 1.656910091112727E7 7940026.283257039
 1.6401400135276884E7 7600081.391140397
 1.6223549977286398E7 7260136.499023754
 1.6034634501021832E7 6920191.606907112
 1.5833594631318718E7 6580246.714790469
 1.5619198350106776E7 6240301.8226738265
 1.5390002434807032E7 5900356.930557184
 1.5144302744482249E7 5560412.038440541
 1.4880068729135424E7 5220467.146323899
 1.4594855790759116E7 4880522.254207256
 1.4285685893738061E7 4540577.362090614
 1.3948881574481845E7 4200632.469973971
 1.3579829697885484E7 3860687.577857328
 1.3172635989267766E7 3520742.685740685
 1.2719603547935337E7 3180797.793624042
 1.221041542264688E7 2840852.901507399
 1.1630793651120543E7 2500908.009390756
 1.0960172509824812E7 2160963.117274113
 1.016736403866291E7 1821018.22515747
 9201694.559467971 1481073.333040827
 7972393.4133962095 1141128.440924184
 6290550.878839791 801183.548807541
 3642383.5663574636 461238.6566908981
 -2819669.2354533672 121293.76457425521

 1.809813598625219E7 1.1606286418534081E7
 1.8118376872186363E7 1.2175516871249609E7
 1.8138540484172046E7 1.2744747323965136E7
 1.8158629474474847E7 1.3313977776680663E7
 1.8178646316453964E7 1.388320822939619E7
 1.8198593322559565E7 1.4452438682111718E7
 1.821847265995094E7 1.5021669134827245E7
 1.823828636411923E7 1.5590899587542772E7
 1.8258036350829095E7 1.61601300402583E7
 1.827772442663285E7 1.6729360492973827E7
 1.8297352298167378E7 1.7298590945689354E7
 1.8316921580407172E7 1.786782139840488E7
 1.833643380401784E7 1.843705185112041E7
 1.8355890421929866E7 1.9006282303835936E7
 1.837529281523618E7 1.9575512756551463E7
 1.8394642298497915E7 2.014474320926699E7
 1.8413940124532104E7 2.0713973661982518E7
 1.843318748874402E7 2.1283204114698045E7
 1.8452385533056855E7 2.1852434567413572E7
 1.847153534948629E7 2.24216650201291E7
 1.849063798339781E7 2.2990895472844627E7
 1.8509694436483443E7 2.3560125925560154E7
 1.8528705669486374E7 2.412935637827568E7
 1.8547672604700983E7 2.469858683099121E7
 1.856659612826997E7 2.5267817283706736E7
 1.8585477092300147E7 2.5837047736422263E7
 1.8604316316813916E7 2.640627818913779E7
 1.8623114591552794E7 2.6975508641853318E7
 1.8641872677645862E7 2.7544739094568845E7
 1.8660591309156775E7 2.8113969547284372E7
 1.8679271194520205E7 2.86831999999999E7

 1.8098135986295402E7 1.1606286418534081E7
 1.7986904024261236E7 1.1223453330068754E7
 1.7869105363946557E7 1.0840620241603427E7
 1.7744396812993467E7 1.04577871531381E7
 1.761237751109478E7 1.0074954064672772E7
 1.74725843640126E7 9692120.976207444
 1.732448527439615E7 9309287.887742117
 1.716747006259173E7 8926454.79927679
 1.700083875876987E7 8543621.710811462
 1.6823786737210363E7 8160788.622346135
 1.6635385917051524E7 7777955.533880807
 1.6434560934418827E7 7395122.44541548
 1.6220058752175659E7 7012289.356950153
 1.5990409548342288E7 6629456.268484825
 1.5743875808240235E7 6246623.180019498
 1.5478385170022845E7 5863790.0915541705
 1.5191440456767619E7 5480957.003088843
 1.4879996985161334E7 5098123.914623516
 1.4540291805435836E7 4715290.826158188
 1.4167600398406833E7 4332457.737692861
 1.3755880443655074E7 3949624.6492275335
 1.3297233320654571E7 3566791.560762206
 1.2781058601163357E7 3183958.4722968787
 1.2192664201765656E7 2801125.3838315513
 1.1510848714097708E7 2418292.295366224
 1.070338293221718E7 2035459.2069008963
 9717729.89787963 1652626.1184355686
 8459331.365862012 1269793.029970241
 6729866.414318323 886959.9415049134
 3981594.4199361205 504126.8530395858
 -3014101.731336713 121293.76457425824

 1.866975117900315E7 1.3010653571768641E7
 1.868923849688992E7 1.3533071786043016E7
 1.870863532328391E7 1.4055490000317391E7
 1.8727945414717883E7 1.4577908214591766E7
 1.874717222056821E7 1.510032642886614E7
 1.8766318920332193E7 1.5622744643140515E7
 1.878538845499438E7 1.614516285741489E7
 1.8804383553622484E7 1.6667581071689265E7
 1.882330675607896E7 1.718999928596364E7
 1.8842160432540506E7 1.7712417500238016E7
 1.8860946800375015E7 1.8234835714512393E7
 1.8879667938812673E7 1.875725392878677E7
 1.889832580176586E7 1.9279672143061146E7
 1.891692222908345E7 1.9802090357335523E7
 1.893545895647472E7 2.03245085716099E7
 1.8953937624295294E7 2.0846926785884276E7
 1.8972359785357326E7 2.1369345000158653E7
 1.899072691189462E7 2.189176321443303E7
 1.900904040179774E7 2.2414181428707406E7
 1.9027301584212154E7 2.2936599642981783E7
 1.9045511724579126E7 2.345901785725616E7
 1.9063672029189497E7 2.3981436071530536E7
 1.9081783649306238E7 2.4503854285804912E7
 1.9099847684908032E7 2.502627250007929E7
 1.911786518809566E7 2.5548690714353666E7
 1.9135837166199774E7 2.6071108928628042E7
 1.9153764584620893E7 2.659352714290242E7
 1.917164836943221E7 2.7115945357176796E7
 1.9189489409767598E7 2.7638363571451172E7
 1.92072885600183E7 2.816078178572555E7

 1.866975117901358E7 1.3010653571768641E7
 1.8562076984561056E7 1.2581008244862162E7
 1.844746608489558E7 1.2151362917955682E7
 1.832561210355577E7 1.1721717591049202E7
 1.819613892144659E7 1.1292072264142722E7
 1.8058599550046384E7 1.0862426937236242E7
 1.7912471400862783E7 1.0432781610329762E7
 1.7757148424687058E7 1.0003136283423282E7
 1.759193010057959E7 9573490.956516802
 1.741600690345338E7 9143845.629610322
 1.7228441555472016E7 8714200.302703843
 1.7028144999525487E7 8284554.975797363
 1.6813845559776634E7 7854909.648890883
 1.6584049097927988E7 7425264.321984403
 1.633698702298531E7 6995618.995077923
 1.6070547590685934E7 6565973.668171443
 1.5782183744099319E7 6136328.341264963
 1.5468787296048582E7 5706683.014358483
 1.5126513639868319E7 5277037.687452003
 1.475053173628077E7 4847392.360545523
 1.4334657650661618E7 4417747.033639044
 1.3870799893456727E7 3988101.706732564
 1.3348087258372456E7 3558456.3798260847
 1.2751432618048161E7 3128811.0529196053
 1.2059029108688504E7 2699165.726013126
 1.1237657397073716E7 2269520.3991066464
 1.0233011169935852E7 1839875.0722001668
 8946937.440706551 1410229.745293687
 7172165.976984918 980584.4183872074
 4328328.093487531 550939.0914807278

 1.922953252426675E7 1.453998143793052E7
 1.9248131847961158E7 1.5011422056666167E7
 1.9266622719268084E7 1.5482862675401814E7
 1.9285010790786117E7 1.5954303294137461E7
 1.9303301134753793E7 1.6425743912873108E7
 1.932149833079937E7 1.6897184531608753E7
 1.9339606536510617E7 1.7368625150344398E7
 1.93576295448848E7 1.7840065769080043E7
 1.937557083161089E7 1.8311506387815688E7
 1.9393433594365746E7 1.8782947006551333E7
 1.9411220785762757E7 1.9254387625286978E7
 1.9428935141199797E7 1.9725828244022623E7
 1.9446579202569097E7 2.0197268862758268E7
 1.946415533857912E7 2.0668709481493913E7
 1.94816657622796E7 2.1140150100229558E7
 1.9499112546260536E7 2.1611590718965203E7
 1.9516497635902673E7 2.2083031337700848E7
 1.953382286098641E7 2.2554471956436493E7
 1.955108994590798E7 2.3025912575172137E7
 1.9568300518707633E7 2.3497353193907782E7
 1.9585456119080037E7 2.3968793812643427E7
 1.9602558205507755E7 2.4440234431379072E7
 1.9619608161636174E7 2.4911675050114717E7
 1.9636607301988006E7 2.5383115668850362E7
 1.9653556877103537E7 2.5854556287586007E7
 1.9670458078175575E7 2.6325996906321652E7
 1.9687312041242093E7 2.6797437525057297E7
 1.9704119850987583E7 2.7268878143792942E7
 1.9720882544198334E7 2.7740318762528587E7
 1.9737601112910807E7 2.8211759381264232E7
 1.9754276507286817E7 2.8683199999999877E7

 1.922953252444914E7 1.453998143793052E7
 1.9126129803336203E7 1.405935851548531E7
 1.9015304948729932E7 1.3578735593040101E7
 1.8896823938566566E7 1.3098112670594892E7
 1.8770357556777894E7 1.2617489748149682E7
 1.86354896171934E7 1.2136866825704472E7
 1.849171727588013E7 1.1656243903259262E7
 1.8338446044110388E7 1.1175620980814053E7
 1.817498044688362E7 1.0694998058368843E7
 1.8000510427452266E7 1.0214375135923633E7
 1.781409304322958E7 9733752.213478424
 1.7614628511029005E7 9253129.291033214
 1.7400829115194142E7 8772506.368588004
 1.71711787856901E7 8291883.4461427955
 1.692388015762824E7 7811260.523697587
 1.6656784451343626E7 7330637.601252378
 1.6367297258476496E7 6850014.678807169
 1.60522497635822E7 6369391.75636196
 1.5707719144971222E7 5888768.833916752
 1.5328772164074153E7 5408145.911471543
 1.490908894488877E7 4927522.989026334
 1.4440392908183396E7 4446900.066581125
 1.391155322291392E7 3966277.1441359166
 1.3307104497672945E7 3485654.221690708
 1.260466109527412E7 3005031.299245499
 1.1770058933355153E7 2524408.3768002903
 1.074730645512867E7 2043785.4543550815
 9434831.066258043 1563162.5319098728
 7616843.604172707 1082539.609464664
 4681672.832931399 601916.6870194551

 1.9777537229916573E7 1.6201840962435815E7
 1.9795099182500273E7 1.6617886263687951E7
 1.9812525813832372E7 1.7033931564940087E7
 1.9829826513043404E7 1.7449976866192225E7
 1.9847009392157137E7 1.7866022167444363E7
 1.9864081538395166E7 1.82820674686965E7
 1.9881049202861756E7 1.869811276994864E7
 1.9897917944715917E7 1.9114158071200777E7
 1.991469274338591E7 1.9530203372452915E7
 1.993137808732164E7 1.9946248673705053E7
 1.9947978045186102E7 2.036229397495719E7
 1.9964496323675483E7 2.077833927620933E7
 1.998093631500399E7 2.1194384577461466E7
 1.9997301136288643E7 2.1610429878713604E7
 2.0013593662513584E7 2.2026475179965742E7
 2.0029816554342E7 2.244252048121788E7
 2.0045972281759202E7 2.2858565782470018E7
 2.0062063144305438E7 2.3274611083722156E7
 2.0078091288501233E7 2.3690656384974293E7
 2.0094058722938716E7 2.410670168622643E7
 2.0109967331422985E7 2.452274698747857E7
 2.012581888447094E7 2.4938792288730707E7
 2.0141615049419582E7 2.5354837589982845E7
 2.0157357399349242E7 2.5770882891234983E7
 2.0173047420993447E7 2.618692819248712E7
 2.0188686521775037E7 2.660297349373926E7
 2.0204276036089063E7 2.7019018794991396E7
 2.0219817230929375E7 2.7435064096243534E7
 2.023531131094566E7 2.7851109397495672E7
 2.02507594229995E7 2.826715469874781E7

 1.9777537230457127E7 1.6201840962435815E7
 1.967927861555952E7 1.5665822722507097E7
 1.957291875522083E7 1.5129804482578378E7
 1.9458370268122077E7 1.459378624264966E7
 1.9335390823813528E7 1.405776800272094E7
 1.920361882255885E7 1.3521749762792222E7
 1.9062586378529936E7 1.2985731522863504E7
 1.8911720862252176E7 1.2449713282934785E7
 1.8750339153419673E7 1.1913695043006066E7
 1.8577636072987974E7 1.1377676803077348E7
 1.8392667180755913E7 1.0841658563148629E7
 1.8194325311213344E7 1.030564032321991E7
 1.798130951202485E7 9769622.083291192
 1.775208424807197E7 9233603.843362473
 1.750482567116916E7 8697585.603433754
 1.723735022133869E7 8161567.363505036
 1.6947018498262286E7 7625549.123576317
 1.6630603680700064E7 7089530.883647598
 1.6284107819157958E7 6553512.64371888
 1.5902499308900952E7 6017494.403790161
 1.5479327332419366E7 5481476.163861442
 1.5006137056054056E7 4945457.923932724
 1.447154781818676E7 4409439.684004005
 1.3859730719142616E7 3873421.4440752864
 1.3147744885480851E7 3337403.2041465677
 1.2300521716668189E7 2801384.964217849
 1.126045955247116E7 2265366.7242891304
 9922724.54006967 1729348.4843604118
 8063406.3055823445 1193330.244431693
 5040826.469266802 657312.0045029743
 -3625747.5282598734 121293.76457425556

 2.0313811282449663E7 1.800416669747242E7
 2.033018146663457E7 1.8360134474223334E7
 2.0346368800357044E7 1.871610225097425E7
 2.036239197846985E7 1.9072070027725164E7
 2.037826601588568E7 1.942803780447608E7
 2.039400327160102E7 1.9784005581226993E7
 2.0409614118151963E7 2.0139973357977908E7
 2.04251073994686E7 2.0495941134728823E7
 2.0440490755556017E7 2.0851908911479738E7
 2.045577085968724E7 2.1207876688230652E7
 2.047095359604788E7 2.1563844464981567E7
 2.0486044195627242E7 2.1919812241732482E7
 2.0501047342076927E7 2.2275780018483397E7
 2.0515967255491704E7 2.263174779523431E7
 2.0530807759646058E7 2.2987715571985226E7
 2.0545572336620957E7 2.334368334873614E7
 2.056026417167747E7 2.3699651125487056E7
 2.057488619048232E7 2.405561890223797E7
 2.0589441090266407E7 2.4411586678988885E7
 2.060393136611566E7 2.47675544557398E7
 2.0618359333319217E7 2.5123522232490715E7
 2.063272714649394E7 2.547949000924163E7
 2.0647036816052973E7 2.5835457785992544E7
 2.0661290222467482E7 2.619142556274346E7
 2.067548912868324E7 2.6547393339494374E7
 2.068963519098395E7 2.690336111624529E7
 2.0703729968538612E7 2.7259328892996203E7
 2.0717774931828797E7 2.7615296669747118E7
 2.0731771470116377E7 2.7971264446498033E7
 2.0745720898085803E7 2.8327232223248947E7
 2.0759624461773098E7 2.8683199999999862E7

 2.031381128343764E7 1.800416669747242E7
 2.022183269988352E7 1.740807093304248E7
 2.0120716686213642E7 1.6811975168612543E7
 2.0010697034418374E7 1.6215879404182605E7
 1.989169314710465E7 1.5619783639752667E7
 1.976343638383788E7 1.502368787532273E7
 1.9625515858534157E7 1.4427592110892791E7
 1.9477394532651424E7 1.3831496346462853E7
 1.9318410750914544E7 1.3235400582032915E7
 1.9147770582116008E7 1.2639304817602977E7
 1.896453275794524E7 1.204320905317304E7
 1.8767586314020455E7 1.1447113288743101E7
 1.855561994559151E7 1.0851017524313163E7
 1.8327081097887814E7 1.0254921759883225E7
 1.8080121636037827E7 9658825.995453287
 1.781252532156977E7 9062730.231023349
 1.752160991158101E7 8466634.46659341
 1.7204092927916944E7 7870538.702163472
 1.6855904027219474E7 7274442.937733533
 1.647191661030066E7 6678347.173303594
 1.6045553301807016E7 6082251.408873655
 1.5568187001543969E7 5486155.644443716
 1.5028195804844141E7 4890059.880013777
 1.4409400269623756E7 4293964.115583838
 1.368832503737232E7 3697868.351153899
 1.282903262665096E7 3101772.58672396
 1.1772378288182646E7 2505676.822294021
 1.041040962715277E7 1909581.057864082
 8511460.298113406 1313485.293434143
 5405091.601751864 717389.5290042042
 -3838894.0087376535 121293.76457426534

 2.083838895672521E7 1.9955293702843122E7
 2.0853465258148342E7 2.0246223912748348E7
 2.086824146632752E7 2.0537154122653574E7
 2.0882773024538785E7 2.08280843325588E7
 2.08970968567729E7 2.1119014542464025E7
 2.0911239583581567E7 2.140994475236925E7
 2.092522142938435E7 2.1700874962274477E7
 2.0939058344931006E7 2.1991805172179703E7
 2.0952763269478083E7 2.228273538208493E7
 2.09663469327206E7 2.2573665591990154E7
 2.0979818390803307E7 2.286459580189538E7
 2.099318539928317E7 2.3155526011800606E7
 2.100645468126744E7 2.344645622170583E7
 2.1019632125494868E7 2.3737386431611057E7
 2.1032722936059147E7 2.4028316641516283E7
 2.1045731747822493E7 2.431924685142151E7
 2.105866271690792E7 2.4610177061326735E7
 2.1071519592715383E7 2.490110727123196E7
 2.10843057759901E7 2.5192037481137186E7
 2.1097024366196424E7 2.5482967691042412E7
 2.110967820057082E7 2.5773897900947638E7
 2.1122269886621416E7 2.6064828110852864E7
 2.1134801829404682E7 2.635575832075809E7
 2.114727625459692E7 2.6646688530663315E7
 2.1159695228147924E7 2.693761874056854E7
 2.1172060673131913E7 2.7228548950473767E7
 2.118437438428244E7 2.7519479160378993E7
 2.1196638040599138E7 2.781040937028422E7
 2.1208853216338187E7 2.8101339580189444E7
 2.1221021390639544E7 2.839226979009467E7
 2.1233143955997407E7 2.8683199999999896E7

 2.0838388958041668E7 1.9955293702843122E7
 2.075432199249354E7 1.929416037156749E7
 2.065932546345231E7 1.863302704029186E7
 2.0554435376432717E7 1.797189370901623E7
 2.0439871925829053E7 1.73107603777406E7
 2.0315517292512268E7 1.664962704646497E7
 2.0181046585611492E7 1.5988493715189341E7
 2.0035974723208785E7 1.5327360383913713E7
 1.9879671578383654E7 1.4666227052638084E7
 1.971136108776766E7 1.4005093721362455E7
 1.9530109769423038E7 1.3343960390086826E7
 1.933480625570205E7 1.2682827058811197E7
 1.9124131529235154E7 1.2021693727535568E7
 1.8896518192688316E7 1.136056039625994E7
 1.865009574061215E7 1.069942706498431E7
 1.8382617065733463E7 1.0038293733708682E7
 1.8091358921679437E7 9377160.402433053
 1.7772985181465596E7 8716027.071157424
 1.742335545134741E7 8054893.739881795
 1.703725104062164E7 7393760.408606166
 1.6607971808923513E7 6732627.077330537
 1.6126723595228702E7 6071493.746054908
 1.5581650750958294E7 5410360.414779279
 1.4956234662427157E7 4749227.0835036505
 1.4226483763925433E7 4088093.7522280216
 1.3355623238968104E7 3426960.4209523927
 1.2283024949314624E7 2765827.089676764
 1.0897746291717678E7 2104693.758401135
 8960698.77613452 1443560.427125506
 5773869.472106636 782427.0958498771

 2.1351292240736187E7 2.206399999999993E7
 2.1365513400544524E7 2.228463999999993E7
 2.1378753822678953E7 2.250527999999993E7
 2.139151868561995E7 2.272591999999993E7
 2.140394987039742E7 2.294655999999993E7
 2.141612093157792E7 2.316719999999993E7
 2.1428077722336918E7 2.338783999999993E7
 2.14398518331708E7 2.360847999999993E7
 2.1451466464383602E7 2.382911999999993E7
 2.1462939432762027E7 2.404975999999993E7
 2.1474284881206453E7 2.427039999999993E7
 2.1485514326907486E7 2.449103999999993E7
 2.149663734169051E7 2.471167999999993E7
 2.1507662013838947E7 2.493231999999993E7
 2.151859527313295E7 2.515295999999993E7
 2.1529443126553833E7 2.537359999999993E7
 2.15402108335509E7 2.559423999999993E7
 2.155090303918779E7 2.581487999999993E7
 2.1561523877175927E7 2.603551999999993E7
 2.157207705090022E7 2.625615999999993E7
 2.1582565898048908E7 2.647679999999993E7
 2.1592993442816466E7 2.669743999999993E7
 2.1603362438545883E7 2.691807999999993E7
 2.1613675402915657E7 2.713871999999993E7
 2.1623934647239506E7 2.735935999999993E7
 2.1634142301068425E7 2.757999999999993E7
 2.1644300333004057E7 2.780063999999993E7
 2.1654410568429768E7 2.802127999999993E7
 2.166447470471239E7 2.824191999999993E7
 2.16744943243123E7 2.846255999999993E7

 2.1351292240736187E7 2.206399999999993E7
 2.1277897586631596E7 2.1332576458819073E7
 2.118982404176432E7 2.0601152917638216E7
 2.1090545114079565E7 1.986972937645736E7
 2.0980780080998838E7 1.9138305835276503E7
 2.0860624580349654E7 1.8406882294095647E7
 2.0729866395407736E7 1.767545875291479E7
 2.058808586593297E7 1.6944035211733934E7
 2.0434692016690582E7 1.6212611670553077E7
 2.0268931363787442E7 1.548118812937222E7
 2.0089881349386156E7 1.4749764588191364E7
 1.9896432444770545E7 1.4018341047010507E7
 1.9687259642591804E7 1.328691750582965E7
 1.946078213345632E7 1.2555493964648794E7
 1.9215108331994742E7 1.1824070423467938E7
 1.8947961529151052E7 1.1092646882287081E7
 1.8656578822698742E7 1.0361223341106225E7
 1.833757197607708E7 9629799.799925368
 1.7986732413461924E7 8898376.258744512
 1.7598751740320086E7 8166952.717563656
 1.7166810244236857E7 7435529.176382801
 1.6681951159211487E7 6704105.635201945
 1.6132091587534249E7 5972682.094021089
 1.5500383675775826E7 5241258.552840234
 1.4762335721630663E7 4509835.011659378
 1.3880363474142998E7 3778411.470478522
 1.2792408546564668E7 3046987.929297666
 1.1384653342046946E7 2315564.38811681
 9410891.256835312 1584140.846935954
 6146653.2168215215 852717.305755098

 -4278768.008310169 121293.76457425392
 7364258.944254786 1073357.305755109
 1.0691654507056087E7 2025420.8469359642
 1.2674849715139717E7 2977484.3881168193
 1.4076936619077444E7 3929547.9292976744
 1.5152705833047986E7 4881611.47047853
 1.6018953938152075E7 5833675.011659386
 1.6739032177874178E7 6785738.552840241
 1.735116353348416E7 7737802.094021097
 1.7880178685757488E7 8689865.635201951
 1.8343108760834247E7 9641929.176382806
 1.8752129773969382E7 1.059399271756366E7
 1.9116233403775662E7 1.1546056258744515E7
 1.9442231834653467E7 1.249811979992537E7
 1.9735390390057415E7 1.3450183341106225E7
 1.999984011752683E7 1.440224688228708E7
 2.0238853405882537E7 1.5354310423467934E7
 2.0455029409984946E7 1.6306373964648789E7
 2.0650415044207603E7 1.7258437505829643E7
 2.0826572412771642E7 1.82105010470105E7
 2.0984586718224406E7 1.9162564588191357E7
 2.1124971307914674E7 2.0114628129372213E7
 2.124727349184549E7 2.106669167055307E7
 2.1347529582017273E7 2.2018755211733926E7
 2.14052997752454E7 2.2970818752914783E7
 2.1456358389330387E7 2.392288229409564E7
 2.150480426797849E7 2.4874945835276496E7
 2.1551488723171353E7 2.5827009376457352E7
 2.159683647375667E7 2.677907291763821E7
 2.1641105703942627E7 2.7731136458819065E7

 -4505395.553339273 121293.76457425392
 7300219.649089456 1073357.305755109
 1.0676973092789948E7 2025420.8469359642
 1.269130693119651E7 2977484.3881168193
 1.411672011156094E7 3929547.9292976744
 1.5211484224252641E7 4881611.47047853
 1.6093997529391557E7 5833675.011659386
 1.6828486108128875E7 6785738.552840241
 1.7453707160239458E7 7737802.094021097
 1.7994845323678404E7 8689865.635201951
 1.846918219569841E7 9641929.176382806
 1.8889081652990878E7 1.059399271756366E7
 1.9263684422546E7 1.1546056258744515E7
 1.95999280587309E7 1.249811979992537E7
 1.9903190273718983E7 1.3450183341106225E7
 2.0177710232991844E7 1.440224688228708E7
 2.042687270211783E7 1.5354310423467934E7
 2.0653403733666092E7 1.6306373964648789E7
 2.0859506607741028E7 1.7258437505829643E7
 2.1046954870563716E7 1.82105010470105E7
 2.121715126455447E7 1.9162564588191357E7
 2.13711540611206E7 2.0114628129372213E7
 2.1509661611432403E7 2.106669167055307E7
 2.1632920386460274E7 2.2018755211733926E7
 2.174043430812791E7 2.2970818752914783E7
 2.1830000573495597E7 2.392288229409564E7
 2.1899058132152706E7 2.4874945835276496E7
 2.195708028860596E7 2.5827009376457352E7
 2.201052424441749E7 2.677907291763821E7
 2.2061233039374053E7 2.7731136458819065E7

 -4736419.163044304 121293.76457425392
 7231693.843185723 1073357.305755109
 1.0657707152862847E7 2025420.8469359642
 1.2703073036384106E7 2977484.3881168193
 1.415169615079102E7 3929547.9292976744
 1.5265327645061344E7 4881611.47047853
 1.6163965750857472E7 5833675.011659386
 1.6912709311111778E7 6785738.552840241
 1.7550847194181263E7 7737802.094021097
 1.810391482684365E7 8689865.635201951
 1.8589440289736032E7 9641929.176382806
 1.9019970228615165E7 1.059399271756366E7
 1.9404787807537526E7 1.1546056258744515E7
 1.9750947203100324E7 1.249811979992537E7
 2.0063926683693737E7 1.3450183341106225E7
 2.0348057106999397E7 1.440224688228708E7
 2.0606812094703645E7 1.5354310423467934E7
 2.0843009617762297E7 1.6306373964648789E7
 2.105895477863571E7 1.7258437505829643E7
 2.1256542138637424E7 1.82105010470105E7
 2.1437329038825452E7 1.9162564588191357E7
 2.1602586916963637E7 2.0114628129372213E7
 2.1753334436942488E7 2.106669167055307E7
 2.189035355874607E7 2.2018755211733926E7
 2.2014187149662316E7 2.2970818752914783E7
 2.212511626628402E7 2.392288229409564E7
 2.2223135659139067E7 2.4874945835276496E7
 2.230812066214001E7 2.5827009376457352E7
 2.238098823809895E7 2.677907291763821E7
 2.2444997945088506E7 2.7731136458819065E7

 -4971792.290200442 121293.76457425392
 7158732.147424281 1073357.305755109
 1.0633912099233538E7 2025420.8469359642
 1.271020910404241E7 2977484.3881168193
 1.418193253452295E7 3929547.9292976744
 1.5314311925889462E7 4881611.47047853
 1.6228944089000821E7 5833675.011659386
 1.6991798962176323E7 6785738.552840241
 1.7642695071068972E7 7737802.094021097
 1.8207516181096196E7 8689865.635201951
 1.8704033840690196E7 9641929.176382806
 1.9144973710755676E7 1.059399271756366E7
 1.95397566596843E7 1.1546056258744515E7
 1.989554743376729E7 1.249811979992537E7
 2.0217916991121024E7 1.3450183341106225E7
 2.0511277467116535E7 1.440224688228708E7
 2.0779177255168498E7 1.5354310423467934E7
 2.1024506718501866E7 1.6306373964648789E7
 2.124964490545678E7 1.7258437505829643E7
 2.145656616579914E7 1.82105010470105E7
 2.1646918772646308E7 1.9162564588191357E7
 2.1822083501514524E7 2.0114628129372213E7
 2.198321752468553E7 2.106669167055307E7
 2.213128738844371E7 2.2018755211733926E7
 2.226709405803913E7 2.2970818752914783E7
 2.2391293287640482E7 2.392288229409564E7
 2.2504417091618627E7 2.4874945835276496E7
 2.260691036917615E7 2.5827009376457352E7
 2.2699217772413313E7 2.677907291763821E7
 2.278198260253465E7 2.7731136458819065E7

 -5211469.664689243 121293.76457425392
 7081383.66743961 1073357.305755109
 1.0605641515746385E7 2025420.8469359642
 1.271277396772489E7 2977484.3881168193
 1.420749427757889E7 3929547.9292976744
 1.5358509394835353E7 4881611.47047853
 1.6289013570352823E7 5833675.011659386
 1.7065846494087934E7 6785738.552840241
 1.7729354753051847E7 7737802.094021097
 1.830576854169312E7 8689865.635201951
 1.881310057273507E7 9641929.176382806
 1.92642527189005E7 1.059399271756366E7
 1.966878010807413E7 1.1546056258744515E7
 2.0033953777688086E7 1.249811979992537E7
 2.036543199852979E7 1.3450183341106225E7
 2.0667701337055296E7 1.440224688228708E7
 2.094437611245504E7 1.5354310423467934E7
 2.1198407462575555E7 1.6306373964648789E7
 2.1432232840136647E7 1.7258437505829643E7
 2.1647885154816806E7 1.82105010470105E7
 2.1847073920844555E7 1.9162564588191357E7
 2.2031246593387663E7 2.0114628129372213E7
 2.2201635676864773E7 2.106669167055307E7
 2.2359295563462406E7 2.2018755211733926E7
 2.2505132091285467E7 2.2970818752914783E7
 2.263992736006853E7 2.392288229409564E7
 2.2764362414734066E7 2.4874945835276496E7
 2.2879041140947104E7 2.5827009376457352E7
 2.298452026234874E7 2.677907291763821E7
 2.308135215946594E7 2.7731136458819065E7

 -5455407.243185252 121293.76457425392
 6999696.061202079 1073357.305755109
 1.0572947251655161E7 2025420.8469359642
 1.2710824353342354E7 2977484.3881168193
 1.4228443801198632E7 3929547.9292976744
 1.5397989151618093E7 4881611.47047853
 1.6344251160636276E7 5833675.011659386
 1.7134938181961745E7 6785738.552840241
 1.7810923590967983E7 7737802.094021097
 1.8398782512726635E7 8689865.635201951
 1.8916767049340725E7 9641929.176382806
 1.937795316860482E7 1.059399271756366E7
 1.9792027715000212E7 1.1546056258744515E7
 2.016636493817222E7 1.249811979992537E7
 2.050670666193956E7 1.3450183341106225E7
 2.0817609250905126E7 1.440224688228708E7
 2.110274718451464E7 1.5354310423467934E7
 2.1365125123933792E7 1.6306373964648789E7
 2.160722970230165E7 1.7258437505829643E7
 2.1831140513688684E7 1.82105010470105E7
 2.2038612829953343E7 1.9162564588191357E7
 2.2231140337414235E7 2.0114628129372213E7
 2.2410003532361895E7 2.106669167055307E7
 2.257630772284016E7 2.2018755211733926E7
 2.2731013499824643E7 2.2970818752914783E7
 2.287496186047429E7 2.392288229409564E7
 2.3008895772589773E7 2.4874945835276496E7
 2.3133479791273594E7 2.5827009376457352E7
 2.3249319307255328E7 2.677907291763821E7
 2.335698098074448E7 2.7731136458819065E7

 -5703562.161475539 121293.76457425392
 6913715.602465451 1073357.305755109
 1.0535879508390576E7 2025420.8469359642
 1.2704415000096858E7 2977484.3881168193
 1.4244841103747249E7 3929547.9292976744
 1.5432817310589135E7 4881611.47047853
 1.6394730112760782E7 5833675.011659386
 1.719915564393875E7 6785738.552840241
 1.7887493047833174E7 7737802.094021097
 1.8486661197467E7 8689865.635201951
 1.9015150206435084E7 9641929.176382806
 1.948620852409187E7 1.059399271756366E7
 1.990965281194803E7 1.1546056258744515E7
 2.029295828292051E7 1.249811979992537E7
 2.0641947635574818E7 1.3450183341106225E7
 2.0961243823457003E7 1.440224688228708E7
 2.1254577616458118E7 1.5354310423467934E7
 2.1525002502350956E7 1.6306373964648789E7
 2.177504855725184E7 1.7258437505829643E7
 2.2006835006450325E7 1.82105010470105E7
 2.2222154158337593E7 1.9162564588191357E7
 2.242253509563178E7 2.0114628129372213E7
 2.260929280855027E7 2.106669167055307E7
 2.2783566718972057E7 2.2018755211733926E7
 2.2946351407874584E7 2.2970818752914783E7
 2.309852160420084E7 2.392288229409564E7
 2.3240852989474535E7 2.4874945835276496E7
 2.3374040033208102E7 2.5827009376457352E7
 2.3498711836112082E7 2.677907291763821E7
 2.3615446760953486E7 2.7731136458819065E7

 -5955892.689218551 121293.76457425392
 6823487.240427375 1073357.305755109
 1.0494486920230806E7 2025420.8469359642
 1.2693598771473557E7 2977484.3881168193
 1.4256743915189862E7 3929547.9292976744
 1.546305721733591E7 4881611.47047853
 1.6440520272064E7 5833675.011659386
 1.725857627290994E7 6785738.552840241
 1.795914931139019E7 7737802.094021097
 1.8569501070285857E7 8689865.635201951
 1.9108358598119855E7 9641929.176382806
 1.9589141585920572E7 1.059399271756366E7
 2.0021795078865796E7 1.1546056258744515E7
 2.0413893589776605E7 1.249811979992537E7
 2.0771338754255444E7 1.3450183341106225E7
 2.109881784888622E7 1.440224688228708E7
 2.1400115274527848E7 1.5354310423467934E7
 2.1678330213368356E7 1.6306373964648789E7
 2.1936032484374672E7 1.7258437505829643E7
 2.2175376562720746E7 1.82105010470105E7
 2.2398186598710448E7 1.9162564588191357E7
 2.2606020914910376E7 2.0114628129372213E7
 2.2800221720407397E7 2.106669167055307E7
 2.29819540142892E7 2.2018755211733926E7
 2.315223648567143E7 2.2970818752914783E7
 2.3311966434541583E7 2.392288229409564E7
 2.346194020142603E7 2.4874945835276496E7
 2.360287021878454E7 2.5827009376457352E7
 2.3735399525792688E7 2.677907291763821E7
 2.3860114379169136E7 2.7731136458819065E7

