 p z rt vr
 0.5 0.8266108554585418 1.0 6.331783009362528
 0.565 0.7985264654675498 1.0 5.412972114623608
 0.6299999999999999 0.7682590561514844 1.0 4.67048586502186
 0.6949999999999998 0.7351877367155427 1.0 4.051430308815735
 0.7599999999999998 0.6983272886053704 1.0 3.5191707896667093
 0.8249999999999997 0.6559351481791127 1.0 3.0451022326694086
 0.8899999999999997 0.6043185082021634 1.0 2.6005835547673115
 0.9549999999999996 0.5319750205523117 1.0 2.1334515841158037
 1.0199999999999996 0.31154301880404056 1.0 1.1698031196185357
 1.0849999999999995 0.2992727921763644 1.0 1.0564097979024
 1.1499999999999995 0.30192628744907934 1.0 1.0055368934833373
 1.2149999999999994 0.3083095360304897 1.0 0.9718642409854822
 1.2799999999999994 0.31636160071391706 1.0 0.9466048336613855
 1.3449999999999993 0.3253262953041915 1.0 0.9263856229933652
 1.4099999999999993 0.334845501094847 1.0 0.9095368069729252
 1.4749999999999992 0.3447236941929571 1.0 0.8951051131755294
 1.5399999999999991 0.3548438426888048 1.0 0.8824934201250074
 1.604999999999999 0.36513122933236525 1.0 0.8713023105778472
 1.669999999999999 0.3755358229597602 1.0 0.8612511669042587
 1.734999999999999 0.3860228766324866 1.0 0.8521351632023366
 1.799999999999999 0.39656755655560094 1.0 0.8438001523133294
 1.8649999999999989 0.4071517027679204 1.0 0.8361271821551266
 1.9299999999999988 0.41776178781921525 1.0 0.8290225182108919
 1.9949999999999988 0.42838758281875633 1.0 0.8224109745077719
 2.0599999999999987 0.43902125870627434 1.0 0.816231316345779
 2.1249999999999987 0.4496567647789205 1.0 0.8104330064698787
 2.1899999999999986 0.46028938918588347 1.0 0.8049738489237326
 2.2549999999999986 0.4709154419760784 1.0 0.7998182485447481
 2.3199999999999985 0.48153202257033223 1.0 0.7949359024159748
 2.3849999999999985 0.49213684656315837 1.0 0.7903008005691835
 2.4499999999999984 0.5027281149638387 1.0 0.7858904521030096
 2.5149999999999983 0.5133044142797347 1.0 0.7816852782747001
 2.5799999999999983 0.5238646393353937 1.0 0.7776681310847062
 2.6449999999999982 0.5344079330688355 1.0 0.773823907428019
 2.709999999999998 0.5449336391539621 1.0 0.7701392369003349
 2.774999999999998 0.555441264416713 1.0 0.7666022269971288
 2.839999999999998 0.5659304488026677 1.0 0.7632022534867181
 2.904999999999998 0.5764009412193809 1.0 0.7599297866712947
 2.969999999999998 0.5868525799867237 1.0 0.7567762464044191
 3.034999999999998 0.5972852769291002 1.0 0.7537338803346895
 3.099999999999998 0.6076990043661742 1.0 0.750795661048173
 3.164999999999998 0.6180937844254567 1.0 0.7479551986949139
 3.2299999999999978 0.6284696802260277 1.0 0.745206666383874
 3.2949999999999977 0.6388267885785873 1.0 0.7425447361707321
 3.3599999999999977 0.6491652339206884 1.0 0.7399645238836167
 3.4249999999999976 0.6594851632629966 1.0 0.737461541362026
 3.4899999999999975 0.669786741966814 1.0 0.7350316549451845
 3.5549999999999975 0.6800701502079243 1.0 0.7326710492538255
 3.6199999999999974 0.6903355800093044 1.0 0.7303761954757976
 3.6849999999999974 0.7005832327470414 1.0 0.7281438234999678
 3.7499999999999973 0.7108133170512169 1.0 0.7259708973515892
 3.8149999999999973 0.7210260470374812 1.0 0.7238545934708495
 3.8799999999999972 0.7312216408163047 1.0 0.7217922814488581
 3.944999999999997 0.7414003192360121 1.0 0.7197815068950265
 4.009999999999997 0.7515623048231356 1.0 0.7178199761591728
 4.0749999999999975 0.7617078208896784 1.0 0.7159055426726789
 4.139999999999998 0.7718370907818723 1.0 0.7140361947072499
 4.204999999999998 0.7819503372490859 1.0 0.712210044378441
 4.269999999999999 0.7920477819149574 1.0 0.7104253177452372
 4.334999999999999 0.8021296448356005 1.0 0.7086803458772579
 4.3999999999999995 0.8121961441321043 1.0 0.7069735567783998
 4.465 0.8222474956864645 1.0 0.7053034680703275
 4.53 0.8322839128917382 1.0 0.7036686803517078
 4.595000000000001 0.8423056064485832 1.0 0.7020678711597372
 4.660000000000001 0.8523127842014793 1.0 0.7004997894696527
 4.725000000000001 0.8623056510089261 1.0 0.6989632506757887
 4.790000000000002 0.8722844086427176 1.0 0.6974571320045236
 4.855000000000002 0.8822492557120993 1.0 0.6959803683153345
 4.920000000000003 0.8922003876092065 1.0 0.6945319482512572
 4.985000000000003 0.9021379964726908 1.0 0.6931109107044913
 5.050000000000003 0.91206227116686 1.0 0.6917163415667217
 5.115000000000004 0.9219733972740475 1.0 0.6903473707371233
 5.180000000000004 0.9318715570982207 1.0 0.6890031693639417
 5.2450000000000045 0.9417569296781242 1.0 0.6876829472981416
 5.310000000000005 0.9516296908084746 1.0 0.6863859507398841
 5.375000000000005 0.9614900130679418 1.0 0.685111460060606
 5.440000000000006 0.9713380658527966 1.0 0.6838587877852274
 5.505000000000006 0.9811740154152911 1.0 0.6826272767205998
 5.5700000000000065 0.9909980249059208 1.0 0.6814162982176677
 5.635000000000007 1.0008102544188773 1.0 0.680225250556074
 5.700000000000007 1.0106108610400608 1.0 0.6790535574410119
 5.765000000000008 1.0203999988971209 1.0 0.677900666603113
 5.830000000000008 1.0301778192110675 1.0 0.6767660484930264
 5.8950000000000085 1.03994447034905 1.0 0.6756491950631218
 5.960000000000009 1.0497000978779643 1.0 0.6745496186294453
 6.025000000000009 1.0594448446185913 1.0 0.6734668508076777
 6.09000000000001 1.06917885070001 1.0 0.6724004415174064
 6.15500000000001 1.0789022536140762 1.0 0.6713499580495332
 6.22000000000001 1.0886151882697725 1.0 0.670314984192073
 6.285000000000011 1.0983177870472718 1.0 0.6692951194100275
 6.350000000000011 1.108010179851584 1.0 0.6682899780753767
 6.415000000000012 1.1176924941656712 1.0 0.6672991887435639
 6.480000000000012 1.1273648551029318 1.0 0.6663223934731568
 6.545000000000012 1.1370273854589805 1.0 0.665359247185631
 6.610000000000013 1.1466802057626533 1.0 0.6644094170624819
 6.675000000000013 1.1563234343261841 1.0 0.663472581977086
 6.7400000000000135 1.1659571872945127 1.0 0.6625484319589408
 6.805000000000014 1.1755815786936927 1.0 0.6616366676881047
 6.870000000000014 1.1851967204783591 1.0 0.6607370000178127
 6.935000000000015 1.1948027225782578 1.0 0.6598491495234198

 0.5 0.8694083485300267 1.1 7.325569789430498
 0.565 0.8499423323897193 1.1 6.337655390954265
 0.6299999999999999 0.8296932290966414 1.1 5.54835965101821
 0.6949999999999998 0.8085610343572189 1.1 4.901348824631833
 0.7599999999999998 0.7864238721545309 1.1 4.359439994362669
 0.8249999999999997 0.7631313037168105 1.1 3.897022636370094
 0.8899999999999997 0.7384952221807157 1.1 3.495789644718975
 0.9549999999999996 0.7122777136518101 1.1 3.1421983243450944
 1.0199999999999996 0.6841760989771962 1.1 2.825890536166759
 1.0849999999999995 0.6538095314836135 1.1 2.5386867579852033
 1.1499999999999995 0.620728738757228 1.1 2.274006076891017
 1.2149999999999994 0.5845380057381001 1.1 2.026861549100481
 1.2799999999999994 0.5454545454545465 1.1 1.7952965812384936
 1.3449999999999993 0.5060401868013974 1.1 1.5850768798092196
 1.4099999999999993 0.4728710513644736 1.1 1.412899343840255
 1.4749999999999992 0.4513234549723382 1.1 1.2890907499303637
 1.5399999999999991 0.440108279990628 1.1 1.203999833054364
 1.604999999999999 0.43563824416129016 1.1 1.143506323325545
 1.669999999999999 0.4353179027336423 1.1 1.0981904565685643
 1.734999999999999 0.43762526717594447 1.1 1.0626506643636615
 1.799999999999999 0.4416746244237526 1.1 1.0337548297155943
 1.8649999999999989 0.4469294160004895 1.1 1.0095962113151349
 1.9299999999999988 0.4530490065428977 1.1 0.9889526116343534
 1.9949999999999988 0.45980762628914684 1.1 0.9710036856992824
 2.0599999999999987 0.46704995938085975 1.1 0.9551767144372157
 2.1249999999999987 0.4746657188564991 1.1 0.9410583256080077
 2.1899999999999986 0.48257445585425884 1.1 0.9283416234929611
 2.2549999999999986 0.49071612411353077 1.1 0.9167932149381456
 2.3199999999999985 0.4990450136634005 1.1 0.9062318966486622
 2.3849999999999985 0.5075257302309452 1.1 0.896514441223516
 2.4499999999999984 0.516130458101573 1.1 0.8875258528157525
 2.5149999999999983 0.5248370520448941 1.1 0.8791725226393823
 2.5799999999999983 0.5336276789144142 1.1 0.8713773166885427
 2.6449999999999982 0.5424878322662301 1.1 0.8640759819083222
 2.709999999999998 0.5514056054574517 1.1 0.8572144713909788
 2.774999999999998 0.560371147255705 1.1 0.8507469225760622
 2.839999999999998 0.5693762485282848 1.1 0.844634107540544
 2.904999999999998 0.578414024536492 1.1 0.8388422299904705
 2.969999999999998 0.5874786679480468 1.1 0.8333419805374186
 3.034999999999998 0.5965652548350785 1.1 0.828107786923365
 3.099999999999998 0.6056695908420198 1.1 0.8231172131638175
 3.164999999999998 0.6147880881393128 1.1 0.8183504737094783
 3.2299999999999978 0.6239176662081504 1.1 0.8137900373528626
 3.2949999999999977 0.6330556712441096 1.1 0.809420301822968
 3.3599999999999977 0.642199810232873 1.1 0.8052273245469157
 3.4249999999999976 0.6513480966805296 1.1 0.8011985984052493
 3.4899999999999975 0.6604988056706655 1.1 0.797322863804954
 3.5549999999999975 0.6696504364374252 1.1 0.7935899502759723
 3.6199999999999974 0.6788016810348261 1.1 0.7899906422281191
 3.6849999999999974 0.6879513979810234 1.1 0.7865165646032692
 3.7499999999999973 0.6970985899858013 1.1 0.7831600850070466
 3.8149999999999973 0.7062423850474975 1.1 0.779914229566316
 3.8799999999999972 0.7153820203445296 1.1 0.7767726102787186
 3.944999999999997 0.7245168284558832 1.1 0.7737293620315394
 4.009999999999997 0.7336462255313251 1.1 0.7707790877943281
 4.0749999999999975 0.7427697011008842 1.1 0.7679168107516585
 4.139999999999998 0.7518868092681746 1.1 0.7651379323533487
 4.204999999999998 0.7609971610764583 1.1 0.7624381954303482
 4.269999999999999 0.7701004178721949 1.1 0.7598136516635937
 4.334999999999999 0.7791962855199621 1.1 0.7572606328069459
 4.3999999999999995 0.7882845093464681 1.1 0.7547757251589194
 4.465 0.7973648697108882 1.1 0.7523557468551757
 4.53 0.8064371781148836 1.1 0.7499977276178794
 4.595000000000001 0.8155012737789764 1.1 0.7476988906514068
 4.660000000000001 0.8245570206230217 1.1 0.7454566364185522
 4.725000000000001 0.8336043045977537 1.1 0.7432685280688708
 4.790000000000002 0.8426430313221026 1.1 0.741132278322375
 4.855000000000002 0.8516731239874625 1.1 0.7390457376385071
 4.920000000000003 0.860694521495557 1.1 0.7370068835229645
 4.985000000000003 0.8697071768011713 1.1 0.7350138108442411
 5.050000000000003 0.878711055434918 1.1 0.7330647230481947
 5.115000000000004 0.8877061341845561 1.1 0.7311579241730605
 5.180000000000004 0.8966923999161921 1.1 0.729291811579421
 5.2450000000000045 0.905669848519141 1.1 0.7274648693200785
 5.310000000000005 0.9146384839602941 1.1 0.7256756620837668
 5.375000000000005 0.9235983174356186 1.1 0.7239228296544301
 5.440000000000006 0.9325493666079733 1.1 0.7222050818345694
 5.505000000000006 0.941491654921733 1.1 0.7205211937870233
 5.5700000000000065 0.9504252109858742 1.1 0.7188700017546907
 5.635000000000007 0.9593500680181677 1.1 0.7172503991221792
 5.700000000000007 0.9682662633440029 1.1 0.7156613327872963
 5.765000000000008 0.9771738379440871 1.1 0.7141017998137289
 5.830000000000008 0.9860728360459793 1.1 0.7125708443393146
 5.8950000000000085 0.9949633047549291 1.1 0.7110675547169502
 5.960000000000009 1.0038452937200517 1.1 0.7095910608675607
 6.025000000000009 1.0127188548322716 1.1 0.7081405318266317
 6.09000000000001 1.0215840419508748 1.1 0.7067151734676456
 6.15500000000001 1.0304409106558574 1.1 0.7053142263874291
 6.22000000000001 1.0392895180235429 1.1 0.7039369639398502
 6.285000000000011 1.048129922423214 1.1 0.702582690405616
 6.350000000000011 1.0569621833327534 1.1 0.7012507392870883
 6.415000000000012 1.0657863611714764 1.1 0.6999404717180551
 6.480000000000012 1.0746025171485314 1.1 0.6986512749793357
 6.545000000000012 1.083410713125422 1.1 0.6973825611119219
 6.610000000000013 1.0922110114913262 1.1 0.6961337656201059
 6.675000000000013 1.1010034750500417 1.1 0.694904346257717
 6.7400000000000135 1.1097881669174838 1.1 0.6936937818911881
 6.805000000000014 1.1185651504287875 1.1 0.6925015714337248
 6.870000000000014 1.1273344890541337 1.1 0.6913272328453317
 6.935000000000015 1.1360962463225217 1.1 0.6901703021939013

 0.5 0.8985019978680062 1.2000000000000002 8.258957132842923
 0.565 0.8840887793280632 1.2000000000000002 7.191568144035028
 0.6299999999999999 0.869341434938697 1.2000000000000002 6.341996519921391
 0.6949999999999998 0.8542402185903262 1.2000000000000002 5.648997457005149
 0.7599999999999998 0.8387643897170538 1.2000000000000002 5.072272307616386
 0.8249999999999997 0.8228925362051569 1.2000000000000002 4.584218862858203
 0.8899999999999997 0.8066031689810551 1.2000000000000002 4.165298083057099
 0.9549999999999996 0.7898757533387439 1.2000000000000002 3.8012950505810372
 1.0199999999999996 0.772692438735147 1.2000000000000002 3.4816303525899057
 1.0849999999999995 0.7550408993640586 1.2000000000000002 3.198283137353211
 1.1499999999999995 0.7369189250499044 1.2000000000000002 2.9450863900761846
 1.2149999999999994 0.7183417225828086 1.2000000000000002 2.7172586692243144
 1.2799999999999994 0.6993532746786144 1.2000000000000002 2.5110930862169174
 1.3449999999999993 0.6800433807289776 1.2000000000000002 2.3237558845222983
 1.4099999999999993 0.660571600375018 1.2000000000000002 2.153163230986
 1.4749999999999992 0.6411968795629658 1.2000000000000002 1.997908290438821
 1.5399999999999991 0.6223049350456393 1.2000000000000002 1.8572000787537069
 1.604999999999999 0.6044135686068017 1.2000000000000002 1.730753975225734
 1.669999999999999 0.5881264330089522 1.2000000000000002 1.6185659393792913
 1.734999999999999 0.5740200130245383 1.2000000000000002 1.52056056909527
 1.799999999999999 0.5625000000000007 1.2000000000000002 1.4362372649907933
 1.8649999999999989 0.5537086820110197 1.2000000000000002 1.3645161060429605
 1.9299999999999988 0.5475359158824069 1.2000000000000002 1.3038615317076498
 1.9949999999999988 0.543706527761199 1.2000000000000002 1.2525579170155543
 2.0599999999999987 0.5418792510834403 1.2000000000000002 1.2089587161651865
 2.1249999999999987 0.5417162118900354 1.2000000000000002 1.171626180617211
 2.1899999999999986 0.5429174989703051 1.2000000000000002 1.1393729225011902
 2.2549999999999986 0.5452317476501849 1.2000000000000002 1.1112474026164094
 2.3199999999999985 0.5484544336205207 1.2000000000000002 1.0864975113313249
 2.3849999999999985 0.5524214208580602 1.2000000000000002 1.0645309593164043
 2.4499999999999984 0.5570015794808891 1.2000000000000002 1.0448802287140355
 2.5149999999999983 0.562090055348544 1.2000000000000002 1.0271741503266043
 2.5799999999999983 0.5676026694285317 1.2000000000000002 1.0111157898189234
 2.6449999999999982 0.5734714542841508 1.2000000000000002 0.9964655704213059
 2.709999999999998 0.5796411699852964 1.2000000000000002 0.9830284854975584
 2.774999999999998 0.5860666087137482 1.2000000000000002 0.9706444145025869
 2.839999999999998 0.5927105141611775 1.2000000000000002 0.9591807637071952
 2.904999999999998 0.5995419727583413 1.2000000000000002 0.9485268413924947
 2.969999999999998 0.6065351647233639 1.2000000000000002 0.9385895284611703
 3.034999999999998 0.6136683892271215 1.2000000000000002 0.9292899204795948
 3.099999999999998 0.6209232988375961 1.2000000000000002 0.9205607024429101
 3.164999999999998 0.6282842943949913 1.2000000000000002 0.9123440799934603
 3.2299999999999978 0.6357380435160911 1.2000000000000002 0.9045901363419421
 3.2949999999999977 0.6432730949309795 1.2000000000000002 0.8972555173349506
 3.3599999999999977 0.650879567569442 1.2000000000000002 0.8903023713945949
 3.4249999999999976 0.6585488983248984 1.2000000000000002 0.8836974889042697
 3.4899999999999975 0.6662736361736852 1.2000000000000002 0.8774115988112904
 3.5549999999999975 0.6740472731458592 1.2000000000000002 0.8714187900377026
 3.6199999999999974 0.6818641047724843 1.2000000000000002 0.8656960326486874
 3.6849999999999974 0.6897191142511654 1.2000000000000002 0.8602227792794271
 3.7499999999999973 0.6976078758066022 1.2000000000000002 0.8549806315387822
 3.8149999999999973 0.7055264736718955 1.2000000000000002 0.8499530593343086
 3.8799999999999972 0.7134714338497794 1.2000000000000002 0.8451251635476008
 3.944999999999997 0.721439666383181 1.2000000000000002 0.8404834744148435
 4.009999999999997 0.7294284163103627 1.2000000000000002 0.8360157794698535
 4.0749999999999975 0.737435221830498 1.2000000000000002 0.8317109760861544
 4.139999999999998 0.7454578784827244 1.2000000000000002 0.82755894458579
 4.204999999999998 0.7534944083620452 1.2000000000000002 0.8235504386220278
 4.269999999999999 0.7615430335714831 1.2000000000000002 0.8196769901335811
 4.334999999999999 0.7696021532512202 1.2000000000000002 0.8159308266419792
 4.3999999999999995 0.7776703236395074 1.2000000000000002 0.8123047990461887
 4.465 0.7857462407125466 1.2000000000000002 0.8087923183787027
 4.53 0.7938287250258013 1.2000000000000002 0.8053873002399529
 4.595000000000001 0.8019167084407344 1.2000000000000002 0.802084115834664
 4.660000000000001 0.8100092224714965 1.2000000000000002 0.7988775487037109
 4.725000000000001 0.8181053880277422 1.2000000000000002 0.7957627563853165
 4.790000000000002 0.8262044063642181 1.2000000000000002 0.7927352363556637
 4.855000000000002 0.8343055510764211 1.2000000000000002 0.7897907956957416
 4.920000000000003 0.8424081610054734 1.2000000000000002 0.786925524011982
 4.985000000000003 0.8505116339353522 1.2000000000000002 0.7841357692059593
 5.050000000000003 0.8586154209823628 1.2000000000000002 0.7814181157453461
 5.115000000000004 0.8667190215908658 1.2000000000000002 0.778769365136365
 5.180000000000004 0.8748219790611842 1.2000000000000002 0.7761865183386348
 5.2450000000000045 0.8829238765457297 1.2000000000000002 0.7736667598978711
 5.310000000000005 0.8910243334579564 1.2000000000000002 0.7712074436012936
 5.375000000000005 0.8991230022460794 1.2000000000000002 0.7688060794857475
 5.440000000000006 0.9072195654897264 1.2000000000000002 0.766460322050057
 5.505000000000006 0.9153137332830644 1.2000000000000002 0.7641679595416397
 5.5700000000000065 0.9234052408725237 1.2000000000000002 0.7619269042033261
 5.635000000000007 0.9314938465212048 1.2000000000000002 0.7597351833800832
 5.700000000000007 0.9395793295754755 1.2000000000000002 0.7575909313972549
 5.765000000000008 0.9476614887122103 1.2000000000000002 0.755492382132246
 5.830000000000008 0.9557401403476962 1.2000000000000002 0.7534378622105732
 5.8950000000000085 0.9638151171914356 1.2000000000000002 0.7514257847650168
 5.960000000000009 0.9718862669300498 1.2000000000000002 0.7494546437034751
 6.025000000000009 0.9799534510281245 1.2000000000000002 0.7475230084370686
 6.09000000000001 0.9880165436343733 1.2000000000000002 0.7456295190253318
 6.15500000000001 0.9960754305827433 1.2000000000000002 0.7437728816999155
 6.22000000000001 1.004130008479248 1.2000000000000002 0.741951864732302
 6.285000000000011 1.0121801838663012 1.2000000000000002 0.7401652946146112
 6.350000000000011 1.0202258724572069 1.2000000000000002 0.7384120525257473
 6.415000000000012 1.0282669984342339 1.2000000000000002 0.7366910710579434
 6.480000000000012 1.0363034938043885 1.2000000000000002 0.735001331181241
 6.545000000000012 1.04433529780761 1.2000000000000002 0.7333418594256585
 6.610000000000013 1.0523623563726408 1.2000000000000002 0.7317117252627668
 6.675000000000013 1.06038462161631 1.2000000000000002 0.7301100386701426
 6.7400000000000135 1.0684020513823884 1.2000000000000002 0.7285359478637334
 6.805000000000014 1.0764146088165507 1.2000000000000002 0.7269886371845697
 6.870000000000014 1.084422261974317 1.2000000000000002 0.725467325127507
 6.935000000000015 1.0924249834591468 1.2000000000000002 0.7239712625008088

 0.5 0.9194216314972179 1.3000000000000003 9.155519425138218
 0.565 0.9083403085323993 1.3000000000000003 8.004577512824563
 0.6299999999999999 0.8971102403521894 1.3000000000000003 7.0899560016857475
 0.6949999999999998 0.8857296856553389 1.3000000000000003 6.345336693029489
 0.7599999999999998 0.8741977350525678 1.3000000000000003 5.727094643048976
 0.8249999999999997 0.8625145959259941 1.3000000000000003 5.205360114901346
 0.8899999999999997 0.850681957818727 1.3000000000000003 4.758997653983385
 0.9549999999999996 0.8387034595801559 1.3000000000000003 4.372636123709413
 1.0199999999999996 0.8265852839630483 1.3000000000000003 4.034834937978935
 1.0849999999999995 0.8143369097799487 1.3000000000000003 3.7369101589147244
 1.1499999999999995 0.8019720550661409 1.3000000000000003 3.4721595275534156
 1.2149999999999994 0.7895098450327264 1.3000000000000003 3.235337171285682
 1.2799999999999994 0.7769762325327803 1.3000000000000003 3.0222893436009346
 1.3449999999999993 0.7644056807854916 1.3000000000000003 2.82969675659819
 1.4099999999999993 0.7518430800004837 1.3000000000000003 2.654889009170293
 1.4749999999999992 0.7393458006178801 1.3000000000000003 2.4957085427894365
 1.5399999999999991 0.7269856752650924 1.3000000000000003 2.35040881958318
 1.604999999999999 0.7148505449239464 1.3000000000000003 2.2175758903000955
 1.669999999999999 0.7030448179324504 1.3000000000000003 2.0960653355931775
 1.734999999999999 0.6916883285257429 1.3000000000000003 1.9849485020468396
 1.799999999999999 0.6809127541683773 1.3000000000000003 1.8834636344701907
 1.8649999999999989 0.6708551054631348 1.3000000000000003 1.7909694118865078
 1.9299999999999988 0.6616484441606767 1.3000000000000003 1.7069007217613346
 1.9949999999999988 0.6534109372430815 1.3000000000000003 1.630728927181147
 2.0599999999999987 0.646235262004389 1.3000000000000003 1.5619305046140182
 2.1249999999999987 0.6401807127868 1.3000000000000003 1.4999677676456158
 2.1899999999999986 0.6352697848853852 1.3000000000000003 1.4442832022984435
 2.2549999999999986 0.6314897048467457 1.3000000000000003 1.3943057035052324
 2.3199999999999985 0.6287979785989226 1.3000000000000003 1.3494643858839674
 2.3849999999999985 0.6271301833423633 1.3000000000000003 1.3092048202508488
 2.4499999999999984 0.6264081632694722 1.3000000000000003 1.2730035062167813
 2.5149999999999983 0.6265472852727845 1.3000000000000003 1.2403782395799776
 2.5799999999999983 0.6274620818772343 1.3000000000000003 1.2108938001747014
 2.6449999999999982 0.6290701642401253 1.3000000000000003 1.1841635446283147
 2.709999999999998 0.6312946202056238 1.3000000000000003 1.1598479865641167
 2.774999999999998 0.6340652442062137 1.3000000000000003 1.1376514804216564
 2.839999999999998 0.6373189492989965 1.3000000000000003 1.1173179268247837
 2.904999999999998 0.6409996543019985 1.3000000000000003 1.0986261548696905
 2.969999999999998 0.64505786522559 1.3000000000000003 1.0813853982905683
 3.034999999999998 0.6494501025007428 1.3000000000000003 1.06543109996947
 3.099999999999998 0.6541382720236862 1.3000000000000003 1.050621154028587
 3.164999999999998 0.6590890393883 1.3000000000000003 1.0368326159969654
 3.2299999999999978 0.664273240443525 1.3000000000000003 1.0239588661956927
 3.2949999999999977 0.6696653443842863 1.3000000000000003 1.0119071882495783
 3.3599999999999977 0.6752429751713205 1.3000000000000003 1.00059671509809
 3.4249999999999976 0.6809864910099199 1.3000000000000003 0.989956693291985
 3.4899999999999975 0.6868786183430862 1.3000000000000003 0.9799250190232258
 3.5549999999999975 0.6929041352685795 1.3000000000000003 0.9704470039798525
 3.6199999999999974 0.6990495987730538 1.3000000000000003 0.9614743344273575
 3.6849999999999974 0.7053031102435475 1.3000000000000003 0.9529641921732425
 3.7499999999999973 0.711654114089703 1.3000000000000003 0.9448785109130896
 3.8149999999999973 0.7180932248217591 1.3000000000000003 0.937183345736547
 3.8799999999999972 0.7246120784819321 1.3000000000000003 0.929848337258858
 3.944999999999997 0.7312032048662204 1.3000000000000003 0.9228462549674225
 4.009999999999997 0.7378599174723388 1.3000000000000003 0.9161526069904202
 4.0749999999999975 0.7445762185555795 1.3000000000000003 0.9097453056720407
 4.139999999999998 0.7513467170651094 1.3000000000000003 0.9036043801421089
 4.204999999999998 0.758166557570598 1.3000000000000003 0.897711728557104
 4.269999999999999 0.7650313585777 1.3000000000000003 0.8920509039179223
 4.334999999999999 0.7719371588761781 1.3000000000000003 0.8866069283825047
 4.3999999999999995 0.7788803707720399 1.3000000000000003 0.8813661318269349
 4.465 0.7858577392302314 1.3000000000000003 0.876316011098491
 4.53 0.7928663061020709 1.3000000000000003 0.8714451069746616
 4.595000000000001 0.7999033787359142 1.3000000000000003 0.8667428963147368
 4.660000000000001 0.8069665023742322 1.3000000000000003 0.8621996972829168
 4.725000000000001 0.8140534358284766 1.3000000000000003 0.8578065858482351
 4.790000000000002 0.8211621299974923 1.3000000000000003 0.8535553220387435
 4.855000000000002 0.8282907088580066 1.3000000000000003 0.8494382846548623
 4.920000000000003 0.8354374526088248 1.3000000000000003 0.8454484133374
 4.985000000000003 0.8426007826952883 1.3000000000000003 0.8415791570458544
 5.050000000000003 0.8497792484786819 1.3000000000000003 0.8378244281374188
 5.115000000000004 0.8569715153476694 1.3000000000000003 0.8341785613509726
 5.180000000000004 0.8641763540963956 1.3000000000000003 0.8306362770966567
 5.2450000000000045 0.8713926314174302 1.3000000000000003 0.8271926485333977
 5.310000000000005 0.8786193013778041 1.3000000000000003 0.8238430719862742
 5.375000000000005 0.8858553977636161 1.3000000000000003 0.8205832403149134
 5.440000000000006 0.893100027193438 1.3000000000000003 0.8174091188947814
 5.505000000000006 0.9003523629134433 1.3000000000000003 0.8143169239166518
 5.5700000000000065 0.9076116391981124 1.3000000000000003 0.8113031027468175
 5.635000000000007 0.9148771462898053 1.3000000000000003 0.8083643161227104
 5.700000000000007 0.9221482258186443 1.3000000000000003 0.8054974219862653
 5.765000000000008 0.9294242666512202 1.3000000000000003 0.802699460781305
 5.830000000000008 0.9367047011227658 1.3000000000000003 0.7999676420619547
 5.8950000000000085 0.9439890016127724 1.3000000000000003 0.7972993322770836
 5.960000000000009 0.9512766774286807 1.3000000000000003 0.7946920436114547
 6.025000000000009 0.9585672719663159 1.3000000000000003 0.7921434237778846
 6.09000000000001 0.965860360119296 1.3000000000000003 0.7896512466666592
 6.15500000000001 0.9731555459127442 1.3000000000000003 0.787213403768877
 6.22000000000001 0.9804524603393479 1.3000000000000003 0.7848278962995314
 6.285000000000011 0.9877507593782184 1.3000000000000003 0.78249282795419
 6.350000000000011 0.9950501221790968 1.3000000000000003 0.7802063982401819
 6.415000000000012 1.0023502493963161 1.3000000000000003 0.7779668963294525
 6.480000000000012 1.009650861658564 1.3000000000000003 0.7757726953857266
 6.545000000000012 1.0169516981619475 1.3000000000000003 0.7736222473234975
 6.610000000000013 1.0242525153751356 1.3000000000000003 0.7715140779606724
 6.675000000000013 1.031553085846503 1.3000000000000003 0.7694467825305111
 6.7400000000000135 1.0388531971042023 1.3000000000000003 0.7674190215219143
 6.805000000000014 1.0461526506410004 1.3000000000000003 0.7654295168201194
 6.870000000000014 1.053451260976505 1.3000000000000003 0.7634770481225774
 6.935000000000015 1.0607488547901336 1.3000000000000003 0.7615604496071748

 0.5 0.9350402199440923 1.4000000000000004 10.027282407511718
 0.565 0.9263097779185403 1.4000000000000004 8.790847767602276
 0.6299999999999999 0.9175177223127037 1.4000000000000004 7.809026038962832
 0.6949999999999998 0.9086666550120622 1.4000000000000004 7.010399140282003
 0.7599999999999998 0.8997598921202974 1.4000000000000004 6.347986530702356
 0.8249999999999997 0.8908015898011811 1.4000000000000004 5.789619117833361
 0.8899999999999997 0.8817968897786665 1.4000000000000004 5.312531459338841
 0.9549999999999996 0.8727520866769798 1.4000000000000004 4.9001625074416255
 1.0199999999999996 0.8636748191693205 1.4000000000000004 4.5401797233339245
 1.0849999999999995 0.8545742864060785 1.4000000000000004 4.223213542672942
 1.1499999999999995 0.8454614902778159 1.4000000000000004 3.942021142799556
 1.2149999999999994 0.8363495025623178 1.4000000000000004 3.6909187401725485
 1.2799999999999994 0.8272537536979163 1.4000000000000004 3.4653869502713457
 1.3449999999999993 0.8181923365787316 1.4000000000000004 3.2617906383424393
 1.4099999999999993 0.8091863141458938 1.4000000000000004 3.077176272672585
 1.4749999999999992 0.8002600134802168 1.4000000000000004 2.909122809960224
 1.5399999999999991 0.7914412815821824 1.4000000000000004 2.7556302100858203
 1.604999999999999 0.7827616693750932 1.4000000000000004 2.615034800960456
 1.669999999999999 0.7742565015358969 1.4000000000000004 2.4859440418908703
 1.734999999999999 0.7659647821358281 1.4000000000000004 2.3671854436636175
 1.799999999999999 0.7579288822236279 1.4000000000000004 2.257765906381256
 1.8649999999999989 0.750193958642079 1.4000000000000004 2.1568387876629855
 1.9299999999999988 0.7428070670052032 1.4000000000000004 2.063676775770554
 1.9949999999999988 0.7358159584769552 1.4000000000000004 1.9776492158868217
 2.0599999999999987 0.7292675898946335 1.4000000000000004 1.8982029828600295
 2.1249999999999987 0.7232064258582801 1.4000000000000004 1.8248463394357295
 2.1899999999999986 0.717672660777787 1.4000000000000004 1.757135473076182
 2.2549999999999986 0.7127005259647656 1.4000000000000004 1.6946635634433556
 2.3199999999999985 0.7083168589761661 1.4000000000000004 1.637052293788409
 2.3849999999999985 0.7045400917366771 1.4000000000000004 1.58394569191351
 2.4499999999999984 0.701379761718687 1.4000000000000004 1.5350060962906522
 2.5149999999999983 0.6988365777680242 1.4000000000000004 1.4899119302114785
 2.5799999999999983 0.6969029965361238 1.4000000000000004 1.4483568735839811
 2.6449999999999982 0.6955642044400521 1.4000000000000004 1.4100499789335017
 2.709999999999998 0.6947993651499154 1.4000000000000004 1.374716296077101
 2.774999999999998 0.6945829864608166 1.4000000000000004 1.3420976396848696
 2.839999999999998 0.6948862778652871 1.4000000000000004 1.3119532338790798
 2.904999999999998 0.6956784017495196 1.4000000000000004 1.2840600739494237
 2.969999999999998 0.6969275571015745 1.4000000000000004 1.2582129381922253
 3.034999999999998 0.6986018675001009 1.4000000000000004 1.2342240524495345
 3.099999999999998 0.7006700708175728 1.4000000000000004 1.2119224538844813
 3.164999999999998 0.7031020253374317 1.4000000000000004 1.191153122133474
 3.2299999999999978 0.7058690566264462 1.4000000000000004 1.171775951011861
 3.2949999999999977 0.7089441732389119 1.4000000000000004 1.1536646284797882
 3.3599999999999977 0.7123021790594763 1.4000000000000004 1.1367054816659596
 3.4249999999999976 0.7159197074731334 1.4000000000000004 1.120796331024747
 3.4899999999999975 0.7197751988308547 1.4000000000000004 1.105845385419555
 3.5549999999999975 0.7238488386901515 1.4000000000000004 1.0917701992580937
 3.6199999999999974 0.7281224705441671 1.4000000000000004 1.0784967041928328
 3.6849999999999974 0.7325794934570065 1.4000000000000004 1.0659583213383577
 3.7499999999999973 0.7372047522826715 1.4000000000000004 1.0540951552137598
 3.8149999999999973 0.7419844259514916 1.4000000000000004 1.0428532673706015
 3.8799999999999972 0.7469059176043801 1.4000000000000004 1.032184025586099
 3.944999999999997 0.751957749065441 1.4000000000000004 1.02204352329121
 4.009999999999997 0.7571294611892521 1.4000000000000004 1.0123920633186132
 4.0749999999999975 0.7624115209289745 1.4000000000000004 1.0031936999022333
 4.139999999999998 0.7677952354840639 1.4000000000000004 0.994415832990937
 4.204999999999998 0.7732726735517605 1.4000000000000004 0.9860288492466028
 4.269999999999999 0.7788365934847914 1.4000000000000004 0.9780058045039052
 4.334999999999999 0.7844803780182001 1.4000000000000004 0.9703221429230741
 4.3999999999999995 0.7901979751473411 1.4000000000000004 0.9629554485318969
 4.465 0.795983844699351 1.4000000000000004 0.9558852253067506
 4.53 0.8018329101288999 1.4000000000000004 0.9490927023707979
 4.595000000000001 0.8077405150762386 1.4000000000000004 0.9425606612831275
 4.660000000000001 0.8137023842447425 1.4000000000000004 0.9362732827523983
 4.725000000000001 0.819714588181439 1.4000000000000004 0.9302160104318123
 4.790000000000002 0.8257735115740985 1.4000000000000004 0.9243754297403111
 4.855000000000002 0.831875824709976 1.4000000000000004 0.9187391599098
 4.920000000000003 0.8380184577727611 1.4000000000000004 0.9132957576827591
 4.985000000000003 0.8441985776846661 1.4000000000000004 0.9080346312816402
 5.050000000000003 0.8504135672292994 1.4000000000000004 0.9029459634438857
 5.115000000000004 0.8566610062176876 1.4000000000000004 0.8980206424670392
 5.180000000000004 0.8629386544843737 1.4000000000000004 0.8932502003397976
 5.2450000000000045 0.8692444365228997 1.4000000000000004 0.888626757149363
 5.310000000000005 0.875576427590282 1.4000000000000004 0.8841429710552375
 5.375000000000005 0.8819328411283256 1.4000000000000004 0.8797919932064665
 5.440000000000006 0.8883120173660385 1.4000000000000004 0.8755674270550734
 5.505000000000006 0.8947124129820736 1.4000000000000004 0.8714632915844052
 5.5700000000000065 0.9011325917192045 1.4000000000000004 0.8674739880286261
 5.635000000000007 0.9075712158545228 1.4000000000000004 0.8635942697098238
 5.700000000000007 0.9140270384394313 1.4000000000000004 0.8598192146630325
 5.765000000000008 0.920498896232731 1.4000000000000004 0.8561442007578018
 5.830000000000008 0.9269857032583203 1.4000000000000004 0.8525648830584838
 5.8950000000000085 0.9334864449263149 1.4000000000000004 0.8490771731947859
 5.960000000000009 0.9400001726628784 1.4000000000000004 0.8456772205399027
 6.025000000000009 0.9465259989998036 1.4000000000000004 0.8423613950161496
 6.09000000000001 0.9530630930800215 1.4000000000000004 0.8391262713679152
 6.15500000000001 0.9596106765397453 1.4000000000000004 0.835968614759238
 6.22000000000001 0.9661680197320146 1.4000000000000004 0.8328853675687309
 6.285000000000011 0.9727344382600087 1.4000000000000004 0.8298736372681913
 6.350000000000011 0.9793092897917015 1.4000000000000004 0.8269306852832364
 6.415000000000012 0.9858919711302933 1.4000000000000004 0.8240539167449497
 6.480000000000012 0.9924819155174022 1.4000000000000004 0.8212408710509241
 6.545000000000012 0.9990785901482797 1.4000000000000004 0.8184892131624487
 6.610000000000013 1.0056814938803418 1.4000000000000004 0.8157967255719912
 6.675000000000013 1.0122901551181258 1.4000000000000004 0.8131613008817142
 6.7400000000000135 1.0189041298594148 1.4000000000000004 0.8105809349396426
 6.805000000000014 1.0255229998887279 1.4000000000000004 0.808053720485317
 6.870000000000014 1.0321463711056686 1.4000000000000004 0.8055778412614308
 6.935000000000015 1.0387738719768134 1.4000000000000004 0.8031515665521237

 0.5 0.9470282489231036 1.5000000000000004 10.88125809681869
 0.565 0.9400323159522418 1.5000000000000004 9.558296937813857
 0.6299999999999999 0.9330187720450622 1.5000000000000004 8.508167170457567
 0.6949999999999998 0.9259909427825855 1.5000000000000004 7.654346469457871
 0.7599999999999998 0.9189526176359457 1.5000000000000004 6.946494706366207
 0.8249999999999997 0.9119081018378445 1.5000000000000004 6.350140112031661
 0.8899999999999997 0.9048622726089628 1.5000000000000004 5.840885013956175
 0.9549999999999996 0.8978206396339969 1.5000000000000004 5.40097784259776
 1.0199999999999996 0.8907894094897102 1.5000000000000004 5.0171958634049565
 1.0849999999999995 0.8837755534711117 1.5000000000000004 4.679488972472157
 1.1499999999999995 0.8767868779292135 1.5000000000000004 4.380083434910848
 1.2149999999999994 0.8698320958127047 1.5000000000000004 4.112873317831267
 1.2799999999999994 0.8629208975864682 1.5000000000000004 3.8729973432905886
 1.3449999999999993 0.856064019076997 1.5000000000000004 3.656538425029506
 1.4099999999999993 0.8492733030718176 1.5000000000000004 3.4603062866200376
 1.4749999999999992 0.8425617506935268 1.5000000000000004 3.281677517022168
 1.5399999999999991 0.8359435577149159 1.5000000000000004 3.118476075374398
 1.604999999999999 0.8294341301411123 1.5000000000000004 2.9688827577916204
 1.669999999999999 0.8230500726506041 1.5000000000000004 2.8313657132794643
 1.734999999999999 0.8168091429870161 1.5000000000000004 2.704626465805521
 1.799999999999999 0.810730165288601 1.5000000000000004 2.587557500532517
 1.8649999999999989 0.8048328958169414 1.5000000000000004 2.4792085727887248
 1.9299999999999988 0.7991378357868313 1.5000000000000004 2.3787596676085783
 1.9949999999999988 0.7936659881592454 1.5000000000000004 2.2854990840101235
 2.0599999999999987 0.7884385584123381 1.5000000000000004 2.1988055121309116
 2.1249999999999987 0.7834766033919021 1.5000000000000004 2.11813325936915
 2.1899999999999986 0.7788006371229322 1.5000000000000004 2.04299999458361
 2.2549999999999986 0.7744302074954266 1.5000000000000004 1.9729765377197035
 2.3199999999999985 0.7703834623950928 1.5000000000000004 1.907678339697353
 2.3849999999999985 0.7666767274017263 1.5000000000000004 1.8467583833887575
 2.4499999999999984 0.7633241189159073 1.5000000000000004 1.7899012977196556
 2.5149999999999983 0.760337215973311 1.5000000000000004 1.7368185185530363
 2.5799999999999983 0.7577248108731874 1.5000000000000004 1.6872443565646076
 2.6449999999999982 0.7554927533148406 1.5000000000000004 1.6409328480019203
 2.709999999999998 0.7536438956401919 1.5000000000000004 1.597655272990812
 2.774999999999998 0.7521781390028317 1.5000000000000004 1.5571982315636623
 2.839999999999998 0.7510925727788995 1.5000000000000004 1.5193621725110762
 2.904999999999998 0.7503816934154772 1.5000000000000004 1.4839602768333278
 2.969999999999998 0.7500376846265062 1.5000000000000004 1.4508176064754204
 3.034999999999998 0.7500507388446007 1.5000000000000004 1.419770440543647
 3.099999999999998 0.7504093999208444 1.5000000000000004 1.3906657344073485
 3.164999999999998 0.7511009088864938 1.5000000000000004 1.363360651009461
 3.2299999999999978 0.7521115375944336 1.5000000000000004 1.3377221272107103
 3.2949999999999977 0.75342689866616 1.5000000000000004 1.313626450149657
 3.3599999999999977 0.7550322238712527 1.5000000000000004 1.2909588288009088
 3.4249999999999976 0.7569126064768632 1.5000000000000004 1.2696129538842416
 3.4899999999999975 0.7590532059851938 1.5000000000000004 1.24949054503916
 3.5549999999999975 0.7614394159198907 1.5000000000000004 1.2305008879628356
 3.6199999999999974 0.7640569969226789 1.5000000000000004 1.2125603663616644
 3.6849999999999974 0.7668921784422463 1.5000000000000004 1.1955919944735116
 3.7499999999999973 0.7699317328373528 1.5000000000000004 1.1795249559466037
 3.8149999999999973 0.7731630258859696 1.5000000000000004 1.1642941543281469
 3.8799999999999972 0.77657404759756 1.5000000000000004 1.1498397795714936
 3.944999999999997 0.7801534269577701 1.5000000000000004 1.1361068939995147
 4.009999999999997 0.7838904338671444 1.5000000000000004 1.1230450401893195
 4.0749999999999975 0.7877749711230257 1.5000000000000004 1.1106078723474206
 4.139999999999998 0.7917975588754175 1.5000000000000004 1.0987528119667778
 4.204999999999998 0.7959493135885755 1.5000000000000004 1.0874407279141534
 4.269999999999999 0.8002219231755197 1.5000000000000004 1.0766356405876156
 4.334999999999999 0.8046076196498995 1.5000000000000004 1.0663044493995135
 4.3999999999999995 0.8090991503609353 1.5000000000000004 1.0564166825643297
 4.465 0.8136897486412775 1.5000000000000004 1.0469442679861973
 4.53 0.818373104501414 1.5000000000000004 1.0378613239303607
 4.595000000000001 0.8231433358434335 1.5000000000000004 1.0291439681107022
 4.660000000000001 0.8279949605369699 1.5000000000000004 1.020770143817833
 4.725000000000001 0.8329228695963973 1.5000000000000004 1.0127194617374904
 4.790000000000002 0.8379223016166373 1.5000000000000004 1.0049730561575512
 4.855000000000002 0.8429888185613824 1.5000000000000004 0.9975134543261938
 4.920000000000003 0.8481182829488688 1.5000000000000004 0.9903244577976981
 4.985000000000003 0.8533068364436167 1.5000000000000004 0.9833910346814234
 5.050000000000003 0.8585508798354745 1.5000000000000004 0.9766992217903672
 5.115000000000004 0.8638470543677703 1.5000000000000004 0.9702360357658
 5.180000000000004 0.8691922243628305 1.5000000000000004 0.9639893923321489
 5.2450000000000045 0.8745834610841821 1.5000000000000004 0.9579480329103714
 5.310000000000005 0.8800180277693747 1.5000000000000004 0.952101457887816
 5.375000000000005 0.8854933657646515 1.5000000000000004 0.946439865907581
 5.440000000000006 0.8910070816920279 1.5000000000000004 0.940954098600576
 5.505000000000006 0.8965569355801022 1.5000000000000004 0.9356355902387571
 5.5700000000000065 0.9021408298917765 1.5000000000000004 0.9304763218386255
 5.635000000000007 0.907756799384628 1.5000000000000004 0.9254687792901303
 5.700000000000007 0.9134030017427067 1.5000000000000004 0.9206059151279453
 5.765000000000008 0.9190777089218813 1.5000000000000004 0.9158811135999747
 5.830000000000008 0.9247792991543183 1.5000000000000004 0.9112881587221249
 5.8950000000000085 0.9305062495611911 1.5000000000000004 0.9068212050392548
 5.960000000000009 0.9362571293262001 1.5000000000000004 0.9024747508399927
 6.025000000000009 0.9420305933858453 1.5000000000000004 0.8982436135980989
 6.09000000000001 0.9478253765956454 1.5000000000000004 0.8941229074355299
 6.15500000000001 0.9536402883345874 1.5000000000000004 0.8901080224225475
 6.22000000000001 0.9594742075129907 1.5000000000000004 0.8861946055483358
 6.285000000000011 0.9653260779517236 1.5000000000000004 0.8823785432118812
 6.350000000000011 0.9711949041032404 1.5000000000000004 0.8786559450974674
 6.415000000000012 0.9770797470873114 1.5000000000000004 0.8750231293122815
 6.480000000000012 0.9829797210164878 1.5000000000000004 0.8714766086753881
 6.545000000000012 0.9888939895884079 1.5000000000000004 0.8680130780579276
 6.610000000000013 0.9948217629239102 1.5000000000000004 0.8646294026839041
 6.675000000000013 1.0007622946316526 1.5000000000000004 0.8613226073094651
 6.7400000000000135 1.0067148790815312 1.5000000000000004 0.8580898662062851
 6.805000000000014 1.0126788488706522 1.5000000000000004 0.8549284938815608
 6.870000000000014 1.0186535724669303 1.5000000000000004 0.8518359364733621
 6.935000000000015 1.0246384520166494 1.5000000000000004 0.8488097637657028

 0.5 0.9564300192927333 1.6000000000000005 11.721902379213526
 0.565 0.9507555674301333 1.6000000000000005 10.311820277734498
 0.6299999999999999 0.9450865252407628 1.6000000000000005 9.192760118121946
 0.6949999999999998 0.9394259461886065 1.6000000000000005 8.28309518497649
 0.7599999999999998 0.9337771684683405 1.6000000000000005 7.529125987659313
 0.8249999999999997 0.9281438359434265 1.6000000000000005 6.894078781819858
 0.8899999999999997 0.9225299196889669 1.6000000000000005 6.351924967676437
 0.9549999999999996 0.9169397399101655 1.6000000000000005 5.8837245060688605
 1.0199999999999996 0.9113779879359536 1.6000000000000005 5.475367440589574
 1.0849999999999995 0.9058497479042642 1.6000000000000005 5.116127221078194
 1.1499999999999995 0.9003605176603281 1.6000000000000005 4.797704634954808
 1.2149999999999994 0.8949162282826024 1.6000000000000005 4.513578617870328
 1.2799999999999994 0.8895232615338975 1.6000000000000005 4.25855485430378
 1.3449999999999993 0.8841884644105293 1.6000000000000005 4.028445253984077
 1.4099999999999993 0.878919159834137 1.6000000000000005 3.819836067005385
 1.4749999999999992 0.873723152405375 1.6000000000000005 3.6299172903624424
 1.5399999999999991 0.8686087280245461 1.6000000000000005 3.456355252322369
 1.604999999999999 0.8635846460924583 1.6000000000000005 3.2971961292743472
 1.669999999999999 0.858660122948901 1.6000000000000005 3.150791962419575
 1.734999999999999 0.8538448052020773 1.6000000000000005 3.015743269010634
 1.799999999999999 0.849148731667349 1.6000000000000005 2.890854049043706
 1.8649999999999989 0.8445822827854372 1.6000000000000005 2.7750961595994963
 1.9299999999999988 0.8401561166446638 1.6000000000000005 2.667580845617999
 1.9949999999999988 0.8358810911007742 1.6000000000000005 2.5675357933823255
 2.0599999999999987 0.8317681719759733 1.6000000000000005 2.4742864868352887
 2.1249999999999987 0.827828327920551 1.6000000000000005 2.38724094709863
 2.1899999999999986 0.8240724132171829 1.6000000000000005 2.305877155873917
 2.2549999999999986 0.8205110405661955 1.6000000000000005 2.229732626727056
 2.3199999999999985 0.8171544466611584 1.6000000000000005 2.158395710432526
 2.3849999999999985 0.8140123540866552 1.6000000000000005 2.0914983126355438
 2.4499999999999984 0.8110938336744262 1.6000000000000005 2.028709771889989
 2.5149999999999983 0.8084071718700867 1.6000000000000005 1.9697316992350065
 2.5799999999999983 0.8059597478287273 1.6000000000000005 1.9142936209433798
 2.6449999999999982 0.8037579248305964 1.6000000000000005 1.8621492969148257
 2.709999999999998 0.8018069601712452 1.6000000000000005 1.8130736106697056
 2.774999999999998 0.8001109369494849 1.6000000000000005 1.766859944780951
 2.839999999999998 0.798672720199472 1.6000000000000005 1.723317969250022
 2.904999999999998 0.7974939386667228 1.6000000000000005 1.6822717808907728
 2.969999999999998 0.7965749923074139 1.6000000000000005 1.643558340111029
 3.034999999999998 0.7959150843982027 1.6000000000000005 1.6070261582599312
 3.099999999999998 0.7955122760760762 1.6000000000000005 1.5725341944541644
 3.164999999999998 0.7953635602611163 1.6000000000000005 1.5399509258687087
 3.2299999999999978 0.7954649513056242 1.6000000000000005 1.509153560119511
 3.2949999999999977 0.7958115863683293 1.6000000000000005 1.4800273626754175
 3.3599999999999977 0.796397834453433 1.6000000000000005 1.4524650763174456
 3.4249999999999976 0.7972174092098259 1.6000000000000005 1.42636641343105
 3.4899999999999975 0.7982634819490452 1.6000000000000005 1.4016376054177173
 3.5549999999999975 0.7995287918259752 1.6000000000000005 1.3781909966474637
 3.6199999999999974 0.8010057506924844 1.6000000000000005 1.3559446731391178
 3.6849999999999974 0.8026865407241607 1.6000000000000005 1.3348221185210978
 3.7499999999999973 0.8045632034931682 1.6000000000000005 1.3147518917942138
 3.8149999999999973 0.8066277196841156 1.6000000000000005 1.2956673230062372
 3.8799999999999972 0.8088720791046629 1.6000000000000005 1.2775062241877078
 3.944999999999997 0.8112883410180635 1.6000000000000005 1.2602106138310576
 4.009999999999997 0.8138686851187745 1.6000000000000005 1.2437264538670827
 4.0749999999999975 0.8166054536887533 1.6000000000000005 1.2280033985518202
 4.139999999999998 0.8194911856190117 1.6000000000000005 1.212994554968127
 4.204999999999998 0.8225186430685307 1.6000000000000005 1.198656255010381
 4.269999999999999 0.8256808315717787 1.6000000000000005 1.184947838792917
 4.334999999999999 0.8289710144074895 1.6000000000000005 1.1718314494319464
 4.3999999999999995 0.8323827220147861 1.6000000000000005 1.1592718391196186
 4.465 0.8359097571967204 1.6000000000000005 1.1472361863552278
 4.53 0.8395461967928762 1.6000000000000005 1.1356939241350132
 4.595000000000001 0.843286390437447 1.6000000000000005 1.1246165788374822
 4.660000000000001 0.8471249569515267 1.6000000000000005 1.113977619481547
 4.725000000000001 0.851056778851338 1.6000000000000005 1.10375231698337
 4.790000000000002 0.8550769953900429 1.6000000000000005 1.0939176129964432
 4.855000000000002 0.8591809944910241 1.6000000000000005 1.0844519978885108
 4.920000000000003 0.8633644038759403 1.6000000000000005 1.0753353973881274
 4.985000000000003 0.8676230816418322 1.6000000000000005 1.0665490674221247
 5.050000000000003 0.8719531064981206 1.6000000000000005 1.0580754966618269
 5.115000000000004 0.8763507678363358 1.6000000000000005 1.0498983162993758
 5.180000000000004 0.8808125557725046 1.6000000000000005 1.0420022165846072
 5.2450000000000045 0.8853351512739225 1.6000000000000005 1.0343728696665448
 5.310000000000005 0.8899154164580285 1.6000000000000005 1.0269968583005198
 5.375000000000005 0.8945503851309314 1.6000000000000005 1.0198616100013895
 5.440000000000006 0.8992372536161938 1.6000000000000005 1.0129553362443542
 5.505000000000006 0.9039733719105217 1.6000000000000005 1.0062669763369694
 5.5700000000000065 0.908756235191445 1.6000000000000005 0.9997861456083782
 5.635000000000007 0.9135834756927191 1.6000000000000005 0.9935030875842673
 5.700000000000007 0.9184528549555875 1.6000000000000005 0.9874086298381438
 5.765000000000008 0.9233622564579926 1.6000000000000005 0.9814941432310019
 5.830000000000008 0.9283096786190589 1.6000000000000005 0.9757515042721122
 5.8950000000000085 0.9332932281724728 1.6000000000000005 0.9701730603534165
 5.960000000000009 0.9383111138995632 1.6000000000000005 0.9647515976286851
 6.025000000000009 0.9433616407107911 1.6000000000000005 0.9594803113262313
 6.09000000000001 0.9484432040628792 1.6000000000000005 0.9543527783005112
 6.15500000000001 0.9535542846977836 1.6000000000000005 0.9493629316433679
 6.22000000000001 0.9586934436890959 1.6000000000000005 0.9445050371900555
 6.285000000000011 0.9638593177811533 1.6000000000000005 0.939773671768518
 6.350000000000011 0.9690506150060655 1.6000000000000005 0.935163703052735
 6.415000000000012 0.9742661105639954 1.6000000000000005 0.93067027089236
 6.480000000000012 0.9795046429522991 1.6000000000000005 0.9262887700013754
 6.545000000000012 0.9847651103295212 1.6000000000000005 0.9220148338981768
 6.610000000000013 0.9900464671007004 1.6000000000000005 0.9178443199983881
 6.675000000000013 0.9953477207109664 1.6000000000000005 0.9137732957698772
 6.7400000000000135 1.0006679286349576 1.6000000000000005 0.9097980258669317
 6.805000000000014 1.0060061955501955 1.6000000000000005 0.9059149601674383
 6.870000000000014 1.0113616706831103 1.6000000000000005 0.902120722643175
 6.935000000000015 1.0167335453170323 1.6000000000000005 0.8984121009991196

 0.5 0.9639329377201725 1.7000000000000006 12.552223415358885
 0.565 0.9592901325575466 1.7000000000000006 11.054659595228685
 0.6299999999999999 0.9546648251795197 1.7000000000000006 9.866297717451289
 0.6949999999999998 0.9500595726354013 1.7000000000000006 8.900407235324016
 0.7599999999999998 0.9454771046991448 1.7000000000000006 8.099930058384809
 0.8249999999999997 0.9409203319590028 1.7000000000000006 7.4257914668281035
 0.8899999999999997 0.9363923536903913 1.7000000000000006 6.850333207905265
 0.9549999999999996 0.9318964653747372 1.7000000000000006 6.353428362062067
 1.0199999999999996 0.9274361657042194 1.7000000000000006 5.920081698153667
 1.0849999999999995 0.9230151628878538 1.7000000000000006 5.538892569597145
 1.1499999999999995 0.9186373800488274 1.7000000000000006 5.201039084075081
 1.2149999999999994 0.9143069594768335 1.7000000000000006 4.8995883360873345
 1.2799999999999994 0.9100282654733389 1.7000000000000006 4.629016795864922
 1.3449999999999993 0.9058058855032161 1.7000000000000006 4.384869759470815
 1.4099999999999993 0.9016446293443561 1.7000000000000006 4.163514984309023
 1.4749999999999992 0.8975495259094166 1.7000000000000006 3.9619614547996718
 1.5399999999999991 0.8935258174025855 1.7000000000000006 3.777724033791199
 1.604999999999999 0.8895789504714007 1.7000000000000006 3.6087209902244166
 1.669999999999999 0.8857145640215306 1.7000000000000006 3.453195444451499
 1.734999999999999 0.8819384733834759 1.7000000000000006 3.309654457689367
 1.799999999999999 0.8782566505567321 1.7000000000000006 3.1768213045695948
 1.8649999999999989 0.8746752003111817 1.7000000000000006 3.053597711764573
 1.9299999999999988 0.8712003319989604 1.7000000000000006 2.939033712679429
 1.9949999999999988 0.8678383270236198 1.7000000000000006 2.832303381038731
 2.0599999999999987 0.8645955020268457 1.7000000000000006 2.7326851450646497
 2.1249999999999987 0.8614781679847194 1.7000000000000006 2.63954570204939
 2.1899999999999986 0.8584925855524259 1.7000000000000006 2.5523267863023107
 2.2549999999999986 0.8556449171534919 1.7000000000000006 2.4705342161677657
 2.3199999999999985 0.8529411764705884 1.7000000000000006 2.3937287749846545
 2.3849999999999985 0.8503871761514756 1.7000000000000006 2.3215185783372356
 2.4499999999999984 0.847988474686551 1.7000000000000006 2.2535526541135167
 2.5149999999999983 0.8457503235337871 1.7000000000000006 2.189515518741752
 2.5799999999999983 0.8436776156528981 1.7000000000000006 2.129122576854533
 2.6449999999999982 0.8417748366547289 1.7000000000000006 2.0721162057009197
 2.709999999999998 0.8400460197673814 1.7000000000000006 2.0182624122263992
 2.774999999999998 0.8384947057636563 1.7000000000000006 1.9673479716093014
 2.839999999999998 0.8371239088845331 1.7000000000000006 1.9191779724911069
 2.904999999999998 0.8359360896340143 1.7000000000000006 1.8735737071634586
 2.969999999999998 0.8349331351188055 1.7000000000000006 1.830370855341392
 3.034999999999998 0.834116347372414 1.7000000000000006 1.7894179184520604
 3.099999999999998 0.8334864398501141 1.7000000000000006 1.7505748680613404
 3.164999999999998 0.8330435420231925 1.7000000000000006 1.713711977506624
 3.2299999999999978 0.832787211752235 1.7000000000000006 1.6787088102825793
 3.2949999999999977 0.8327164548932299 1.7000000000000006 1.6454533424548363
 3.3599999999999977 0.8328297513981334 1.7000000000000006 1.6138411995212127
 3.4249999999999976 0.8331250870211824 1.7000000000000006 1.583774990827042
 3.4899999999999975 0.8335999896386417 1.7000000000000006 1.5551637269649852
 3.5549999999999975 0.8342515691338185 1.7000000000000006 1.5279223076185318
 3.6199999999999974 0.8350765597891832 1.7000000000000006 1.5019710690918688
 3.6849999999999974 0.83607136415685 1.7000000000000006 1.4772353823387667
 3.7499999999999973 0.8372320974594027 1.7000000000000006 1.4536452937172728
 3.8149999999999973 0.8385546316145757 1.7000000000000006 1.4311352018273937
 3.8799999999999972 0.8400346381911367 1.7000000000000006 1.4096435650380652
 3.944999999999997 0.8416676295983266 1.7000000000000006 1.3891126350124157
 4.009999999999997 0.8434489980390436 1.7000000000000006 1.3694882125185663
 4.0749999999999975 0.8453740518302 1.7000000000000006 1.3507194224040207
 4.139999999999998 0.84743804882415 1.7000000000000006 1.3327585052089932
 4.204999999999998 0.8496362267696387 1.7000000000000006 1.3155606233681347
 4.269999999999999 0.8519638305432504 1.7000000000000006 1.2990836803409074
 4.334999999999999 0.8544161362612345 1.7000000000000006 1.2832881513284544
 4.3999999999999995 0.856988472346035 1.7000000000000006 1.268136924488812
 4.465 0.8596762376726288 1.7000000000000006 1.253595151763056
 4.53 0.862474916957545 1.7000000000000006 1.239630108581162
 4.595000000000001 0.865380093580027 1.7000000000000006 1.2262110618367499
 4.660000000000001 0.8683874600412677 1.7000000000000006 1.2133091456110723
 4.725000000000001 0.8714928262758953 1.7000000000000006 1.2008972441951584
 4.790000000000002 0.8746921260312926 1.7000000000000006 1.1889498820098974
 4.855000000000002 0.8779814215263723 1.7000000000000006 1.1774431200614064
 4.920000000000003 0.8813569065934532 1.7000000000000006 1.166354458596798
 4.985000000000003 0.8848149084959034 1.7000000000000006 1.155662745646056
 5.050000000000003 0.8883518886013408 1.7000000000000006 1.1453480911514868
 5.115000000000004 0.8919644420760522 1.7000000000000006 1.1353917863985856
 5.180000000000004 0.8956492967516897 1.7000000000000006 1.1257762284725206
 5.2450000000000045 0.8994033113005961 1.7000000000000006 1.1164848494735293
 5.310000000000005 0.9032234728417874 1.7000000000000006 1.1075020502330757
 5.375000000000005 0.9071068940858757 1.7000000000000006 1.09881313828094
 5.440000000000006 0.9110508101142717 1.7000000000000006 1.0904042698218042
 5.505000000000006 0.9150525748759943 1.7000000000000006 1.0822623954884905
 5.5700000000000065 0.919109657474353 1.7000000000000006 1.0743752096478258
 5.635000000000007 0.9232196383057293 1.7000000000000006 1.0667311030441697
 5.700000000000007 0.9273802051036291 1.7000000000000006 1.0593191185749131
 5.765000000000008 0.9315891489330693 1.7000000000000006 1.05212891000166
 5.830000000000008 0.9358443601731784 1.7000000000000006 1.045150703410272
 5.8950000000000085 0.9401438245195182 1.7000000000000006 1.0383752612424173
 5.960000000000009 0.9444856190321121 1.7000000000000006 1.0317938487306855
 6.025000000000009 0.9488679082502589 1.7000000000000006 1.0253982025785453
 6.09000000000001 0.9532889403910421 1.7000000000000006 1.0191805017354947
 6.15500000000001 0.9577470436448146 1.7000000000000006 1.0131333401265754
 6.22000000000001 0.9622406225778046 1.7000000000000006 1.007249701203904
 6.285000000000011 0.966768154649369 1.7000000000000006 1.0015229341961127
 6.350000000000011 0.9713281868491577 1.7000000000000006 0.9959467319394365
 6.415000000000012 0.9759193324575677 1.7000000000000006 0.9905151101816942
 6.480000000000012 0.9805402679312817 1.7000000000000006 0.9852223882575433
 6.545000000000012 0.9851897299143759 1.7000000000000006 0.9800631710401642
 6.610000000000013 0.9898665123744125 1.7000000000000006 0.9750323320809338
 6.675000000000013 0.9945694638620324 1.7000000000000006 0.9701249978546627
 6.7400000000000135 0.9992974848918896 1.7000000000000006 0.9653365330336745
 6.805000000000014 1.0040495254421793 1.7000000000000006 0.9606625267193092
 6.870000000000014 1.0088245825696078 1.7000000000000006 0.9560987795644522
 6.935000000000015 1.013621698136296 1.7000000000000006 0.9516412917253376

 0.5 0.970007562621477 1.8000000000000007 13.374345684094596
 0.565 0.966185796343694 1.8000000000000007 11.789072245920993
 0.6299999999999999 0.9623876491951544 1.8000000000000007 10.531177182026406
 0.6949999999999998 0.9586151904315241 1.8000000000000007 9.508826654047764
 0.7599999999999998 0.9548705940546682 1.8000000000000007 8.661604613211848
 0.8249999999999997 0.951156141561575 1.8000000000000007 7.9481361183161665
 0.8899999999999997 0.9474742243841512 1.8000000000000007 7.339134141188845
 0.9549999999999996 0.9438273459510909 1.8000000000000007 6.813285893892252
 1.0199999999999996 0.9402181232963625 1.8000000000000007 6.354712027755025
 1.0849999999999995 0.9366492881323092 1.8000000000000007 5.951339112299591
 1.1499999999999995 0.9331236872991666 1.8000000000000007 5.593824052360396
 1.2149999999999994 0.9296442824971962 1.8000000000000007 5.2748237499579265
 1.2799999999999994 0.9262141492029274 1.8000000000000007 4.988487286676198
 1.3449999999999993 0.9228364746674824 1.8000000000000007 4.73009534956789
 1.4099999999999993 0.9195145548930804 1.8000000000000007 4.4957993853237905
 1.4749999999999992 0.9162517904838997 1.8000000000000007 4.282429718587159
 1.5399999999999991 0.9130516812700248 1.8000000000000007 4.087352258189626
 1.604999999999999 0.9099178196086207 1.8000000000000007 3.9083600167508656
 1.669999999999999 0.9068538822752178 1.8000000000000007 3.7435899582042844
 1.734999999999999 0.9038636208704244 1.8000000000000007 3.5914585307581213
 1.799999999999999 0.9009508506838844 1.8000000000000007 3.450611161806265
 1.8649999999999989 0.8981194379780699 1.8000000000000007 3.3198823083839755
 1.9299999999999988 0.8953732856796474 1.8000000000000007 3.1982635746412997
 1.9949999999999988 0.8927163174956321 1.8000000000000007 3.084878056547557
 2.0599999999999987 0.8901524605050445 1.8000000000000007 2.97895953856448
 2.1249999999999987 0.8876856263137913 1.8000000000000007 2.879835503680508
 2.1899999999999986 0.885319690900245 1.8000000000000007 2.7869131649338335
 2.2549999999999986 0.8830584733204221 1.8000000000000007 2.6996679092831948
 2.3199999999999985 0.8809057134834847 1.8000000000000007 2.617633681341274
 2.3849999999999985 0.8788650492489293 1.8000000000000007 2.5403949376186774
 2.4499999999999984 0.8769399931346167 1.8000000000000007 2.4675798804258733
 2.5149999999999983 0.8751339089579001 1.8000000000000007 2.398854740807753
 2.5799999999999983 0.8734499887586984 1.8000000000000007 2.333918926439128
 2.6449999999999982 0.8718912303717323 1.8000000000000007 2.27250088664539
 2.709999999999998 0.8704604160238275 1.8000000000000007 2.214354575101655
 2.774999999999998 0.8691600923299883 1.8000000000000007 2.159256413141045
 2.839999999999998 0.8679925520482383 1.8000000000000007 2.1070026743427714
 2.904999999999998 0.8669598179277862 1.8000000000000007 2.057407225210358
 2.969999999999998 0.8660636289483941 1.8000000000000007 2.010299568078936
 3.034999999999998 0.8653054292018585 1.8000000000000007 1.9655231415120569
 3.099999999999998 0.8646863596109086 1.8000000000000007 1.9229338408295473
 3.164999999999998 0.8642072526185924 1.8000000000000007 1.8823987274102503
 3.2299999999999978 0.8638686299148155 1.8000000000000007 1.843794900319798
 3.2949999999999977 0.863670703198743 1.8000000000000007 1.8070085078455893
 3.3599999999999977 0.8636133779089953 1.8000000000000007 1.7719338798535356
 3.4249999999999976 0.8636962597904789 1.8000000000000007 1.7384727646518017
 3.4899999999999975 0.8639186641097242 1.8000000000000007 1.706533656365088
 3.5549999999999975 0.8642796272815163 1.8000000000000007 1.6760312007751106
 3.6199999999999974 0.864777920630007 1.8000000000000007 1.6468856692376566
 3.6849999999999974 0.8654120659781326 1.8000000000000007 1.6190224916977554
 3.7499999999999973 0.8661803527404741 1.8000000000000007 1.5923718410351853
 3.8149999999999973 0.867080856186456 1.8000000000000007 1.5668682620163903
 3.8799999999999972 0.8681114565423793 1.8000000000000007 1.542450339032907
 3.944999999999997 0.8692698586111767 1.8000000000000007 1.5190603975916643
 4.009999999999997 0.870553611606764 1.8000000000000007 1.4966442352063303
 4.0749999999999975 0.8719601289237208 1.8000000000000007 1.4751508779344373
 4.139999999999998 0.8734867075919315 1.8000000000000007 1.4545323593248083
 4.204999999999998 0.8751305471966861 1.8000000000000007 1.4347435189905318
 4.269999999999999 0.876888768078994 1.8000000000000007 1.4157418184171455
 4.334999999999999 0.8787584286949752 1.8000000000000007 1.3974871720044035
 4.3999999999999995 0.8807365417938465 1.8000000000000007 1.379941791232846
 4.465 0.8828200899877232 1.8000000000000007 1.363070041502773
 4.53 0.8850060395531193 1.8000000000000007 1.3468383086072626
 4.595000000000001 0.8872913535288159 1.8000000000000007 1.3312148754826065
 4.660000000000001 0.8896730034421934 1.8000000000000007 1.3161698072445922
 4.725000000000001 0.8921479798914912 1.8000000000000007 1.3016748440446115
 4.790000000000002 0.8947133019786324 1.8000000000000007 1.287703300995077
 4.855000000000002 0.8973660256321332 1.8000000000000007 1.2742299745577432
 4.920000000000003 0.9001032508696158 1.8000000000000007 1.2612310548666308
 4.985000000000003 0.9029221280578517 1.8000000000000007 1.2486840435239863
 5.050000000000003 0.9058198632335862 1.8000000000000007 1.236567676462515
 5.115000000000004 0.9087937225519923 1.8000000000000007 1.2248618515133114
 5.180000000000004 0.9118410359313868 1.8000000000000007 1.2135475603574952
 5.2450000000000045 0.9149591999629156 1.8000000000000007 1.202606824571576
 5.310000000000005 0.9181456801531287 1.8000000000000007 1.192022635503944
 5.375000000000005 0.9213980125653409 1.8000000000000007 1.1817788977427004
 5.440000000000006 0.9247138049229884 1.8000000000000007 1.1718603759545467
 5.505000000000006 0.9280907372350452 1.8000000000000007 1.1622526448913324
 5.5700000000000065 0.9315265619998893 1.8000000000000007 1.1529420423752912
 5.635000000000007 0.9350191040402496 1.8000000000000007 1.1439156250868414
 5.700000000000007 0.9385662600178711 1.8000000000000007 1.1351611269900643
 5.765000000000008 0.9421659976726044 1.8000000000000007 1.1266669202411406
 5.830000000000008 0.9458163548266847 1.8000000000000007 1.11842197843417
 5.8950000000000085 0.9495154381912424 1.8000000000000007 1.1104158420472843
 5.960000000000009 0.9532614220083475 1.8000000000000007 1.1026385859595969
 6.025000000000009 0.957052546558559 1.8000000000000007 1.0950807889169007
 6.09000000000001 0.96088711656064 1.8000000000000007 1.0877335048306909
 6.15500000000001 0.9647634994871186 1.8000000000000007 1.0805882358015182
 6.22000000000001 0.9686801238165976 1.8000000000000007 1.0736369067636955
 6.285000000000011 0.9726354772411394 1.8000000000000007 1.0668718416540903
 6.350000000000011 0.9766281048447425 1.8000000000000007 1.0602857410131783
 6.415000000000012 0.9806566072667744 1.8000000000000007 1.0538716609316747
 6.480000000000012 0.9847196388623489 1.8000000000000007 1.0476229932610202
 6.545000000000012 0.9888159058698758 1.8000000000000007 1.0415334470106203
 6.610000000000013 0.9929441645944967 1.8000000000000007 1.0355970308592535
 6.675000000000013 0.9971032196147172 1.8000000000000007 1.0298080367122342
 6.7400000000000135 1.0012919220183565 1.8000000000000007 1.02416102424001
 6.805000000000014 1.0055091676728152 1.8000000000000007 1.0186508063376234
 6.870000000000014 1.0097538955337555 1.8000000000000007 1.0132724354481712
 6.935000000000015 1.0140250859953983 1.8000000000000007 1.0080211906967531

 0.5 0.9749861813708669 1.9000000000000008 14.189823063563882
 0.565 0.9718281544604169 1.9000000000000008 12.51669163490845
 0.6299999999999999 0.968696512636229 1.9000000000000008 11.18911431465851
 0.6949999999999998 0.9655929085308907 1.9000000000000008 10.11015437614016
 0.7599999999999998 0.9625190583461155 1.9000000000000008 9.216038265736916
 0.8249999999999997 0.9594767424209559 1.9000000000000008 8.46309132760631
 0.8899999999999997 0.9564678055552102 1.9000000000000008 7.8203983211819725
 0.9549999999999996 0.9534941570556348 1.9000000000000008 7.265461212138618
 1.0199999999999996 0.950557770470992 1.9000000000000008 6.781517217532823
 1.0849999999999995 0.9476606829806068 1.9000000000000008 6.355820869260603
 1.1499999999999995 0.9448049944001063 1.9000000000000008 5.978508679659162
 1.2149999999999994 0.9419928657674228 1.9000000000000008 5.641828232920097
 1.2799999999999994 0.9392265174720811 1.9000000000000008 5.339602160116174
 1.3449999999999993 0.9365082268913226 1.9000000000000008 5.066847538875563
 1.4099999999999993 0.9338403254978692 1.9000000000000008 4.819500562759763
 1.4749999999999992 0.9312251954062025 1.9000000000000008 4.594214007154565
 1.5399999999999991 0.9286652653271805 1.9000000000000008 4.388205983470772
 1.604999999999999 0.9261630059047965 1.9000000000000008 4.199145441859317
 1.669999999999999 0.923720924413894 1.9000000000000008 4.0250644100286745
 1.734999999999999 0.9213415588038201 1.9000000000000008 3.8642899566165276
 1.799999999999999 0.919027471080284 1.9000000000000008 3.7153908931554485
 1.8649999999999989 0.9167812400261625 1.9000000000000008 3.5771356188926986
 1.9299999999999988 0.9146054532715456 1.9000000000000008 3.448458481560674
 1.9949999999999988 0.9125026987339304 1.9000000000000008 3.328432711939904
 2.0599999999999987 0.9104755554609479 1.9000000000000008 3.216248480350535
 2.1249999999999987 0.9085265839202432 1.9000000000000008 3.1111949785298467
 2.1899999999999986 0.9066583157938154 1.9000000000000008 3.0126456907617025
 2.2549999999999986 0.9048732433470248 1.9000000000000008 2.9200462109769094
 2.3199999999999985 0.9031738084552315 1.9000000000000008 2.8329041067671414
 2.3849999999999985 0.901562391383291 1.9000000000000008 2.7507804401016385
 2.4499999999999984 0.9000412994244679 1.9000000000000008 2.673282637389821
 2.5149999999999983 0.8986127555153529 1.9000000000000008 2.6000584651108802
 2.5799999999999983 0.8972788869516504 1.9000000000000008 2.5307909163885265
 2.6449999999999982 0.8960417143358352 1.9000000000000008 2.465193852168051
 2.709999999999998 0.8949031408913548 1.9000000000000008 2.4030082706621316
 2.774999999999998 0.8938649422789118 1.9000000000000008 2.343999102407353
 2.839999999999998 0.892928757048269 1.9000000000000008 2.2879524470646047
 2.904999999999998 0.8920960778537839 1.9000000000000008 2.234673183095711
 2.969999999999998 0.8913682435535732 1.9000000000000008 2.183982893485933
 3.034999999999998 0.8907464323008669 1.9000000000000008 2.135718060391781
 3.099999999999998 0.890231655722018 1.9000000000000008 2.0897284894645933
 3.164999999999998 0.8898247542591116 1.9000000000000008 2.045875931010932
 3.2299999999999978 0.8895263937365834 1.9000000000000008 2.0040328703958483
 3.2949999999999977 0.8893370631912847 1.9000000000000008 1.964081464405713
 3.3599999999999977 0.8892570739845336 1.9000000000000008 1.9259126038453938
 3.4249999999999976 0.8892865601935617 1.9000000000000008 1.8894250855944679
 3.4899999999999975 0.8894254802589474 1.9000000000000008 1.8545248798032032
 3.5549999999999975 0.8896736198447688 1.9000000000000008 1.8211244799629343
 3.6199999999999974 0.89003059584984 1.9000000000000008 1.7891423253103862
 3.6849999999999974 0.8904958614919696 1.9000000000000008 1.7585022864804758
 3.7499999999999973 0.8910687123731305 1.9000000000000008 1.7291332065546943
 3.8149999999999973 0.8917482934219698 1.9000000000000008 1.7009684907007043
 3.8799999999999972 0.8925336066014578 1.9000000000000008 1.6739457384945198
 3.944999999999997 0.8934235192636772 1.9000000000000008 1.6480064137847763
 4.009999999999997 0.8944167730307983 1.9000000000000008 1.6230955476198328
 4.0749999999999975 0.8955119930810076 1.9000000000000008 1.5991614703295394
 4.139999999999998 0.8967076977203416 1.9000000000000008 1.5761555693482137
 4.204999999999998 0.8980023081258005 1.9000000000000008 1.554032069795155
 4.269999999999999 0.8993941581513707 1.9000000000000008 1.5327478352030217
 4.334999999999999 0.9008815040964243 1.9000000000000008 1.5122621861106065
 4.3999999999999995 0.9024625343449776 1.9000000000000008 1.4925367345213025
 4.465 0.9041353787940817 1.9000000000000008 1.473535232477305
 4.53 0.9058981180000103 1.9000000000000008 1.4552234332171399
 4.595000000000001 0.907748791981402 1.9000000000000008 1.4375689635741575
 4.660000000000001 0.9096854086289845 1.9000000000000008 1.4205412064397787
 4.725000000000001 0.9117059516816524 1.9000000000000008 1.4041111922603213
 4.790000000000002 0.9138083882383473 1.9000000000000008 1.388251498662917
 4.855000000000002 0.915990675784134 1.9000000000000008 1.37293615741628
 4.920000000000003 0.9182507687172248 1.9000000000000008 1.3581405680284142
 4.985000000000003 0.9205866243710443 1.9000000000000008 1.3438414173668571
 5.050000000000003 0.9229962085305827 1.9000000000000008 1.330016604757747
 5.115000000000004 0.9254775004590432 1.9000000000000008 1.3166451720991268
 5.180000000000004 0.9280284974172226 1.9000000000000008 1.3037072385233701
 5.2450000000000045 0.930647218741211 1.9000000000000008 1.291183939305095
 5.310000000000005 0.9333317094418946 1.9000000000000008 1.2790573686007334
 5.375000000000005 0.9360800433853387 1.9000000000000008 1.2673105257753876
 5.440000000000006 0.9388903260613775 1.9000000000000008 1.255927265026734
 5.505000000000006 0.9417606969675172 1.9000000000000008 1.244892248069294
 5.5700000000000065 0.944689331633445 1.9000000000000008 1.2341908996621294
 5.635000000000007 0.9476744433113435 1.9000000000000008 1.2238093657829003
 5.700000000000007 0.9507142843572175 1.9000000000000008 1.2137344742692318
 5.765000000000008 0.9538071473282992 1.9000000000000008 1.203953697764293
 5.830000000000008 0.9569513658207802 1.9000000000000008 1.1944551188170207
 5.8950000000000085 0.9601453150714463 1.9000000000000008 1.185227396999796
 5.960000000000009 0.9633874123456878 1.9000000000000008 1.1762597379169826
 6.025000000000009 0.9666761171333607 1.9000000000000008 1.1675418639874804
 6.09000000000001 0.9700099311727591 1.9000000000000008 1.1590639868929558
 6.15500000000001 0.9733873983216375 1.9000000000000008 1.1508167815910058
 6.22000000000001 0.9768071042931707 1.9000000000000008 1.1427913617997136
 6.285000000000011 0.9802676762732264 1.9000000000000008 1.1349792568660264
 6.350000000000011 0.9837677824343257 1.9000000000000008 1.1273723899364225
 6.415000000000012 0.9873061313602223 1.9000000000000008 1.119963057353303
 6.480000000000012 0.9908814713940678 1.9000000000000008 1.112743909205606
 6.545000000000012 0.9944925899218489 1.9000000000000008 1.1057079309663882
 6.610000000000013 0.99813831260176 1.9000000000000008 1.0988484261543028
 6.675000000000013 1.0018175025491987 1.9000000000000008 1.0921589999597345
 6.7400000000000135 1.0055290594860702 1.9000000000000008 1.0856335437798472
 6.805000000000014 1.0092719188622015 1.9000000000000008 1.0792662206101167
 6.870000000000014 1.0130450509558806 1.9000000000000008 1.0730514512430558
 6.935000000000015 1.0168474599597008 1.9000000000000008 1.0669839012276536

