 entropy p
 -734852.4428129923 134770.8495269488
 -626173.4957274392 134770.8495269488

 -718714.4487773123 181353.12322326234
 -613664.1494351248 181353.12322326234

 -703235.2728092349 240335.51841892547
 -601679.8065600324 240335.51841892547

 -688371.5888638443 314024.434670569
 -590189.5468896552 314024.434670569

 -674083.5909725951 404956.57224912854
 -579165.1735361007 404956.57224912854

 -660334.6173479448 515896.12736229884
 -568580.9342503671 515896.12736229884

 -647090.8174774316 649830.5006913895
 -558413.2798279383 649830.5006913895

 -634320.8557072566 809964.9736504011
 -548640.6553063807 809964.9736504011

 -621995.6456742133 999716.7909934947
 -539243.3203543344 999716.7909934947

 -610088.1106062953 1222709.0575304683
 -530203.1959053387 1222709.0575304683

 -598572.9649909998 1482764.8153816888
 -521503.7347128176 1482764.8153816888

 -587426.5134125925 1783901.6243595036
 -513129.8141572029 1783901.6243595036

 -576626.4624723995 2130326.922984198
 -505067.65032748797 2130326.922984198

 -566151.7415982567 2526434.4059959967
 -497304.7332041356 2526434.4059959967

 -555982.3281581859 2976801.620552501
 -489829.78377006174 2976801.620552501

 -546099.0715082232 3486188.9463986955
 -482632.73514466063 3486188.9463986955

 -536483.5092363686 4059540.1134083
 -475704.74169422523 4059540.1134083

 -527117.6665816997 4701984.384568421
 -469038.2226894686 4701984.384568421

 -517983.82622749254 5418840.529838394
 -462626.9512125018 5418840.529838394

 -509064.249323051 6215622.715908516
 -456466.2056367869 6215622.715908516

 -500340.8176581997 7098048.427577372
 -450553.01214040193 7098048.427577372

 -491794.54738829174 8072048.595869198
 -444886.5265511667 8072048.595869198

 -483404.88813356403 9143780.051941393
 -439468.64039747475 9143780.051941393

 -475148.6487398126 1.0319640528073542E7
 -434304.9689023119 1.0319640528073542E7

 -466998.2363495552 1.1606286418534081E7
 -429406.5333229457 1.1606286418534081E7

 -458918.53449155367 1.3010653571768641E7
 -424792.81112700683 1.3010653571768641E7

 -450860.79746778886 1.453998143793052E7
 -420497.7760169847 1.453998143793052E7

 -442749.00678042026 1.6201840962435815E7
 -416583.48143611284 1.6201840962435815E7

 -434442.5965972001 1.800416669747242E7
 -413177.28000764456 1.800416669747242E7

 -425590.0808418047 1.9955293702843122E7
 -410618.1458596607 1.9955293702843122E7

 -412575.5000511259 2.206399999999993E7
 -412575.5000511259 2.206399999999993E7

 -734852.4428129923 134770.8495269488
 -734873.2576890561 1086385.1545427141
 -734894.00927838 2037999.4595584795
 -734914.6980047327 2989613.7645742446
 -734935.3242874611 3941228.0695900097
 -734955.8885415003 4892842.374605775
 -734976.3911774432 5844456.67962154
 -734996.8326016009 6796070.984637305
 -735017.2132160635 7747685.28965307
 -735037.533418761 8699299.594668835
 -735057.7936035215 9650913.8996846
 -735077.9941601302 1.0602528204700366E7
 -735098.1354743852 1.155414250971613E7
 -735118.2179281542 1.2505756814731896E7
 -735138.2418994284 1.3457371119747661E7
 -735158.2077623775 1.4408985424763426E7
 -735178.1158874017 1.5360599729779191E7
 -735197.9666411846 1.6312214034794956E7
 -735217.7603867433 1.726382833981072E7
 -735237.4974834799 1.8215442644826487E7
 -735257.178287229 1.916705694984225E7
 -735276.8031503083 2.0118671254858017E7
 -735296.3724215644 2.1070285559873782E7
 -735315.8864464207 2.2021899864889547E7
 -735335.3455669234 2.2973514169905312E7
 -735354.750121786 2.3925128474921077E7
 -735374.1004464345 2.4876742779936843E7
 -735393.3968730508 2.5828357084952608E7
 -735412.6397306155 2.6779971389968373E7
 -735431.8293449506 2.7731585694984138E7
 -735450.966038761 2.8683199999999903E7

 -626173.4957274392 134770.8495269488
 -626145.2229401849 134321.61336185897
 -626116.8571950933 133872.37719676914
 -626088.3978669257 133423.14103167932
 -626059.8443241174 132973.9048665895
 -626031.1959286918 132524.66870149967
 -626002.4520361739 132075.43253640985
 -625973.6119955006 131626.19637132002
 -625944.6751489321 131176.9602062302
 -625915.6408319592 130727.72404114038
 -625886.50837321 130278.48787605055
 -625857.2770943558 129829.25171096073
 -625827.9463100143 129380.0155458709
 -625798.5153276516 128930.77938078108
 -625768.9834474815 128481.54321569126
 -625739.3499623658 128032.30705060143
 -625709.6141577085 127583.07088551161
 -625679.7753113526 127133.83472042179
 -625649.832693472 126684.59855533196
 -625619.7855664627 126235.36239024214
 -625589.6331848323 125786.12622515231
 -625559.3747950864 125336.89006006249
 -625529.0096356141 124887.65389497267
 -625498.536936571 124438.41772988284
 -625467.9559197603 123989.18156479302
 -625437.2657985105 123539.9453997032
 -625406.4657775536 123090.70923461337
 -625375.5550528978 122641.47306952355
 -625344.5328117005 122192.23690443372
 -625313.3982321369 121743.0007393439
 -625282.1504832684 121293.76457425408

 -718714.4487773123 181353.12322326234
 -718736.371807982 1131414.6857824838
 -718758.224079291 2081476.2483417052
 -718780.0060953277 3031537.8109009266
 -718801.7183545415 3981599.373460148
 -718823.3613498074 4931660.936019369
 -718844.9355685145 5881722.498578591
 -718866.4414926431 6831784.061137813
 -718887.8795988522 7781845.623697035
 -718909.2503585587 8731907.186256256
 -718930.5542380147 9681968.748815477
 -718951.7916983877 1.0632030311374698E7
 -718972.9631958341 1.1582091873933919E7
 -718994.0691815757 1.253215343649314E7
 -719015.1101019712 1.348221499905236E7
 -719036.0863985894 1.4432276561611582E7
 -719056.998508279 1.5382338124170803E7
 -719077.8468632374 1.6332399686730023E7
 -719098.631891079 1.7282461249289244E7
 -719119.3540149021 1.8232522811848465E7
 -719140.0136533531 1.9182584374407686E7
 -719160.6112206919 2.0132645936966907E7
 -719181.1471268539 2.108270749952613E7
 -719201.6217775128 2.203276906208535E7
 -719222.03557414 2.298283062464457E7
 -719242.3889140657 2.393289218720379E7
 -719262.6821905363 2.4882953749763012E7
 -719282.9157927718 2.5833015312322233E7
 -719303.0901060237 2.6783076874881454E7
 -719323.2055116288 2.7733138437440675E7
 -719343.262387064 2.8683199999999896E7

 -613664.1494351248 181353.12322326234
 -613569.6758635795 179351.14460162874
 -613474.1670627189 177349.16597999513
 -613377.5995081611 175347.18735836152
 -613279.9488651403 173345.20873672792
 -613181.1899508494 171343.2301150943
 -613081.2966945719 169341.2514934607
 -612980.242095441 167339.2728718271
 -612877.9981776577 165337.2942501935
 -612774.5359429804 163335.31562855988
 -612669.8253202849 161333.33700692627
 -612563.8351119746 159331.35838529267
 -612456.5329370038 157329.37976365906
 -612347.8851702503 155327.40114202545
 -612237.8568779583 153325.42252039185
 -612126.4117489343 151323.44389875824
 -612013.5120211653 149321.46527712463
 -611899.1184034823 147319.48665549103
 -611783.1899918626 145317.50803385742
 -611665.6841799299 143315.5294122238
 -611546.5565631549 141313.5507905902
 -611425.7608362237 139311.5721689566
 -611303.2486829761 137309.593547323
 -611178.9696582617 135307.61492568938
 -611052.8710609885 133305.63630405578
 -610924.8977975671 131303.65768242217
 -610794.992234862 129301.67906078856
 -610663.09404167 127299.70043915496
 -610529.1400176334 125297.72181752135
 -610393.0639083721 123295.74319588774
 -610254.796205483 121293.76457425414

 -703235.2728092349 240335.51841892547
 -703258.3874204177 1188431.0011382916
 -703281.4227243663 2136526.4838576578
 -703304.3793229759 3084621.9665770237
 -703327.257810958 4032717.4492963897
 -703350.0587759194 4980812.932015756
 -703372.7827985649 5928908.414735123
 -703395.4304526403 6877003.897454489
 -703418.0023052134 7825099.380173855
 -703440.498916697 8773194.862893222
 -703462.920840973 9721290.345612587
 -703485.2686254964 1.0669385828331953E7
 -703507.5428113977 1.1617481311051318E7
 -703529.7439335829 1.2565576793770684E7
 -703551.8725208311 1.351367227649005E7
 -703573.9290958911 1.4461767759209415E7
 -703595.9141755762 1.540986324192878E7
 -703617.8282708552 1.6357958724648146E7
 -703639.6718869439 1.7306054207367513E7
 -703661.4455233935 1.825414969008688E7
 -703683.1496741773 1.9202245172806244E7
 -703704.7848277772 2.015034065552561E7
 -703726.3514672654 2.1098436138244975E7
 -703747.8500703886 2.204653162096434E7
 -703769.2811096465 2.2994627103683706E7
 -703790.6450523718 2.3942722586403072E7
 -703811.9423608076 2.4890818069122437E7
 -703833.1734921825 2.5838913551841803E7
 -703854.3388987862 2.678700903456117E7
 -703875.439028042 2.7735104517280534E7
 -703896.4743225779 2.86831999999999E7

 -601679.8065600324 240335.51841892547
 -601537.2482359724 236367.45995743643
 -601392.3492007948 232399.4014959474
 -601245.028725148 228431.34303445835
 -601095.2018356442 224463.2845729693
 -600942.7790120413 220495.22611148027
 -600787.6658569219 216527.16764999123
 -600629.7627348225 212559.1091885022
 -600468.9643773547 208591.05072701315
 -600305.1594503997 204622.9922655241
 -600138.23007892 200654.93380403507
 -599968.0513243075 196686.87534254603
 -599794.4906084609 192718.816881057
 -599617.4070779457 188750.75841956795
 -599436.6509005923 184782.6999580789
 -599252.0624857331 180814.64149658987
 -599063.471617908 176846.58303510083
 -598870.6964922567 172878.5245736118
 -598673.5426378914 168910.46611212275
 -598471.8017132733 164942.40765063372
 -598265.250154884 160974.34918914468
 -598053.6476572151 157006.29072765564
 -597836.7354581631 153038.2322661666
 -597614.2343991438 149070.17380467756
 -597385.8427234497 145102.11534318852
 -597151.2335692858 141134.05688169948
 -596910.0521052207 137165.99842021044
 -596661.9122450477 133197.9399587214
 -596406.3928657023 129229.88149723235
 -596143.0334352055 125261.82303574329
 -595871.3289366338 121293.76457425424

 -688371.5888638443 314024.434670569
 -688395.986462307 1259663.620181547
 -688420.2949475751 2205302.805692525
 -688444.515041212 3150941.991203503
 -688468.6474555613 4096581.1767144813
 -688492.6928939075 5042220.36222546
 -688516.6520506424 5987859.547736438
 -688540.5256114064 6933498.733247416
 -688564.3142532519 7879137.918758394
 -688588.0186447839 8824777.104269372
 -688611.6394463071 9770416.28978035
 -688635.1773099656 1.0716055475291329E7
 -688658.632879882 1.1661694660802307E7
 -688682.006792292 1.2607333846313285E7
 -688705.2996756773 1.3552973031824263E7
 -688728.5121508939 1.449861221733524E7
 -688751.6448313005 1.5444251402846219E7
 -688774.6983228811 1.6389890588357197E7
 -688797.6732243669 1.7335529773868173E7
 -688820.5701273554 1.828116895937915E7
 -688843.3896164267 1.922680814489013E7
 -688866.1322692574 2.0172447330401108E7
 -688888.7986567325 2.1118086515912086E7
 -688911.3893430544 2.2063725701423064E7
 -688933.9048858504 2.3009364886934042E7
 -688956.3458362771 2.395500407244502E7
 -688978.7127391242 2.4900643257956E7
 -689001.0061329142 2.5846282443466976E7
 -689023.2265500015 2.6791921628977954E7
 -689045.3745166699 2.7737560814488932E7
 -689067.4505532256 2.868319999999991E7

 -590189.5468896552 314024.434670569
 -590011.2545407861 307600.0790006919
 -589829.3414365281 301175.72333081474
 -589643.6511137796 294751.3676609376
 -589454.0167656355 288327.01199106046
 -589260.260308903 281902.6563211833
 -589062.1913441133 275478.30065130617
 -588859.6059928021 269053.944981429
 -588652.2855942608 262629.5893115519
 -588439.9952408699 256205.2336416747
 -588222.4821274097 249780.87797179754
 -587999.4736852592 243356.52230192037
 -587770.6754669434 236932.1666320432
 -587535.7687398322 230507.81096216603
 -587294.407739653 224083.45529228885
 -587046.2165244168 217659.09962241168
 -586790.7853569001 211234.7439525345
 -586527.6665282808 204810.38828265734
 -586256.3695160164 198386.03261278017
 -585976.3553444034 191961.676942903
 -585687.0299848941 185537.32127302582
 -585387.7365930208 179112.96560314865
 -585077.7463268167 172688.60993327148
 -584756.2474238526 166264.2542633943
 -584422.3321248903 159839.89859351714
 -584074.9809137372 153415.54292363997
 -583713.0433839118 146991.1872537628
 -583335.214826859 140566.83158388562
 -582940.0073396909 134142.47591400845
 -582525.7138370014 127718.12024413128
 -582090.3627669244 121293.7645742541

 -674083.5909725951 404956.57224912854
 -674109.3718879082 1347564.686507488
 -674135.0524070354 2290172.8007658473
 -674160.6333985747 3232780.915024207
 -674186.1157192517 4175389.029282566
 -674211.5002141581 5117997.143540925
 -674236.7877169643 6060605.2577992845
 -674261.979050128 7003213.372057644
 -674287.0750251086 7945821.486316003
 -674312.0764425624 8888429.600574363
 -674336.984092541 9831037.714832723
 -674361.7987546847 1.0773645829091083E7
 -674386.5211984095 1.1716253943349443E7
 -674411.1521830917 1.2658862057607803E7
 -674435.6924582463 1.3601470171866164E7
 -674460.1427637027 1.4544078286124524E7
 -674484.5038297769 1.5486686400382884E7
 -674508.7763774378 1.6429294514641244E7
 -674532.961118472 1.7371902628899604E7
 -674557.0587556437 1.8314510743157964E7
 -674581.0699828512 1.9257118857416324E7
 -674604.9954852801 2.0199726971674684E7
 -674628.835939553 2.1142335085933045E7
 -674652.5920138765 2.2084943200191405E7
 -674676.2643681845 2.3027551314449765E7
 -674699.8536542776 2.3970159428708125E7
 -674723.3605159615 2.4912767542966485E7
 -674746.7855891804 2.5855375657224845E7
 -674770.1295021494 2.6797983771483205E7
 -674793.3928754821 2.7740591885741565E7

 -579165.1735361007 404956.57224912854
 -578959.6268050092 395501.1453266327
 -578749.3399681739 386045.7184041369
 -578534.0771908917 376590.29148164106
 -578313.5846490281 367134.86455914524
 -578087.588651055 357679.4376366494
 -577855.793508454 348224.0107141536
 -577617.8791129101 338768.58379165776
 -577373.4981704736 329313.15686916193
 -577122.273032709 319857.7299466661
 -576863.7920522394 310402.3030241703
 -576597.6053743706 300946.87610167445
 -576323.2200567349 291491.4491791786
 -576040.0943839309 282036.0222566828
 -575747.6312123707 272580.595334187
 -575445.1701397912 263125.16841169115
 -575131.9782411942 253669.74148919532
 -574807.2390442672 244214.3145666995
 -574470.0393268866 234758.88764420367
 -574119.3531990929 225303.46072170784
 -573754.0227704286 215848.03379921202
 -573372.7344841018 206392.6068767162
 -572973.9898975813 196937.17995422037
 -572556.0692684001 187481.75303172454
 -572116.9857086332 178026.3261092287
 -571654.4268158813 168570.8991867329
 -571165.6794370996 159115.47226423706
 -570647.5313555483 149660.04534174124
 -570096.1408486165 140204.6184192454
 -569506.8606300033 130749.19149674958

 -660334.6173479448 515896.12736229884
 -660361.8919389346 1454806.2564502193
 -660389.0531100259 2393716.38553814
 -660416.1019113393 3332626.51462606
 -660443.039377656 4271536.643713981
 -660469.8665287169 5210446.772801901
 -660496.5843695173 6149356.9018898215
 -660523.1938906127 7088267.030977742
 -660549.6960683789 8027177.160065662
 -660576.0918653131 8966087.289153583
 -660602.3822302922 9904997.418241505
 -660628.5680988403 1.0843907547329426E7
 -660654.6503933847 1.1782817676417347E7
 -660680.6300235082 1.2721727805505268E7
 -660706.5078861928 1.366063793459319E7
 -660732.2848660597 1.459954806368111E7
 -660757.9618356023 1.5538458192769032E7
 -660783.5396554138 1.6477368321856953E7
 -660809.0191744096 1.7416278450944874E7
 -660834.4012300442 1.8355188580032796E7
 -660859.6866485236 1.9294098709120717E7
 -660884.8762450105 2.0233008838208638E7
 -660909.9708238291 2.117191896729656E7
 -660934.97117866 2.211082909638448E7
 -660959.8780927345 2.30497392254724E7
 -660984.6923390223 2.3988649354560323E7
 -661009.4146804159 2.4927559483648244E7
 -661034.0458699107 2.5866469612736166E7
 -661058.5866507797 2.6805379741824087E7
 -661083.0377567469 2.7744289870912008E7

 -568580.9342503671 515896.12736229884
 -568353.9725422289 502742.715269364
 -568121.3416010789 489589.3031764292
 -567882.7311675594 476435.89108349435
 -567637.8049302566 463282.4789905595
 -567386.1975233345 450129.0668976247
 -567127.5110788177 436975.65480468987
 -566861.3112518177 423822.24271175504
 -566587.122618962 410668.8306188202
 -566304.4233275359 397515.4185258854
 -566012.6388439911 384362.00643295055
 -565711.134613549 371208.5943400157
 -565399.2073950584 358055.1822470809
 -565076.0749734315 344901.77015414607
 -564740.8638708971 331748.35806121124
 -564392.5945709613 318594.9459682764
 -564030.1636253683 305441.5338753416
 -563652.3218201371 292288.12178240676
 -563257.6473109024 279134.7096894719
 -562844.5122691576 265981.2975965371
 -562411.0410625861 252827.88550360227
 -561955.0572523297 239674.47341066744
 -561474.0156148482 226521.06131773262
 -560964.9138052823 213367.6492247978
 -560424.1758770362 200214.23713186296
 -559847.4961610864 187060.82503892813
 -559229.6261267227 173907.4129459933
 -558564.0772514736 160754.00085305847
 -557842.6967586392 147600.58876012365
 -557055.0447873167 134447.17666718882
 -556187.4498470303 121293.76457425399

 -647090.8174774316 649830.5006913895
 -647119.7074425532 1584276.1506683403
 -647148.4689039422 2518721.800645291
 -647177.1031370306 3453167.4506222415
 -647205.6113972606 4387613.100599192
 -647233.9949205127 5322058.750576143
 -647262.2549234679 6256504.400553094
 -647290.3926043015 7190950.050530045
 -647318.4091425021 8125395.700506996
 -647346.3056998322 9059841.350483947
 -647374.083420413 9994287.000460897
 -647401.7434311487 1.0928732650437847E7
 -647429.2868420795 1.1863178300414797E7
 -647456.7147467284 1.2797623950391747E7
 -647484.0282224371 1.3732069600368697E7
 -647511.228330694 1.4666515250345647E7
 -647538.3161174535 1.5600960900322597E7
 -647565.2926134476 1.6535406550299548E7
 -647592.1588344892 1.7469852200276498E7
 -647618.9157817671 1.8404297850253448E7
 -647645.5644421349 1.9338743500230398E7
 -647672.1057883926 2.027318915020735E7
 -647698.5407795589 2.12076348001843E7
 -647724.87036114 2.214208045016125E7
 -647751.0954653902 2.30765261001382E7
 -647777.2170115649 2.401097175011515E7
 -647803.2359061702 2.49454174000921E7
 -647829.153043204 2.587986305006905E7
 -647854.9693043929 2.6814308700046E7
 -647880.6855594228 2.774875435002295E7
 -647906.3026661631 2.86831999999999E7

 -558413.2798279383 649830.5006913895
 -558168.9098281512 632212.609487485
 -557918.1206697494 614594.7182835805
 -557660.5363119107 596976.827079676
 -557395.7469381726 579358.9358757715
 -557123.304782705 561741.0446718669
 -556842.7192913434 544123.1534679624
 -556553.4514859458 526505.2622640579
 -556254.9073693022 508887.37106015335
 -555946.4301676508 491269.4798562488
 -555627.2911559438 473651.5886523443
 -555296.6787433269 456033.6974484398
 -554953.6854072787 438415.80624453526
 -554597.2919465934 420797.91504063073
 -554226.3483646283 403180.0238367262
 -553839.5504786535 385562.1326328217
 -553435.4110548124 367944.24142891716
 -553012.2238553755 350326.35022501263
 -552568.0184015139 332708.4590211081
 -552100.5024169827 315090.5678172036
 -551606.9876939424 297472.67661329906
 -551084.2932989084 279854.78540939454
 -550528.6172630625 262236.89420549
 -549935.3635803423 244619.0030015855
 -549298.9044248381 227001.11179768096
 -548612.2461054175 209383.22059377644
 -547866.547840331 191765.3293898719
 -547050.4079494593 174147.4381859674
 -546148.7679973175 156529.54698206286
 -545141.1597675727 138911.65577815834

 -634320.8557072566 809964.9736504011
 -634351.495649495 1739072.8078620515
 -634381.9895548954 2668180.642073702
 -634412.3389800078 3597288.4762853524
 -634442.5454551784 4526396.310497003
 -634472.6104851508 5455504.144708653
 -634502.5355496556 6384611.978920303
 -634532.3221039899 7313719.813131954
 -634561.9715795451 8242827.647343604
 -634591.4853843682 9171935.481555255
 -634620.8649036725 1.0101043315766906E7
 -634650.111500346 1.1030151149978558E7
 -634679.2265154438 1.1959258984190209E7
 -634708.2112686675 1.288836681840186E7
 -634737.0670588306 1.3817474652613511E7
 -634765.7951643114 1.4746582486825163E7
 -634794.3968434919 1.5675690321036814E7
 -634822.8733351878 1.6604798155248465E7
 -634851.2258590633 1.7533905989460114E7
 -634879.4556160376 1.8463013823671766E7
 -634907.5637886788 1.9392121657883417E7
 -634935.5515415883 2.0321229492095068E7
 -634963.4200217727 2.125033732630672E7
 -634991.1703590106 2.217944516051837E7
 -635018.8036662039 2.310855299473002E7
 -635046.321039725 2.4037660828941673E7
 -635073.7235597513 2.4966768663153324E7
 -635101.0122905943 2.5895876497364976E7
 -635128.1882810168 2.6824984331576627E7
 -635155.2525645453 2.7754092165788278E7

 -548640.6553063807 809964.9736504011
 -548381.5857064145 787009.2666811962
 -548115.5028062094 764053.5597119912
 -547841.9742701591 741097.8527427863
 -547560.5269972039 718142.1457735813
 -547270.6418206753 695186.4388043764
 -546971.7473179288 672230.7318351715
 -546663.2125440785 649275.0248659665
 -546344.3384573302 626319.3178967616
 -546014.3477425977 603363.6109275566
 -545672.3726603742 580407.9039583517
 -545317.440442386 557452.1969891468
 -544948.4556145752 534496.4900199418
 -544564.1784374276 511540.78305073694
 -544163.1983930737 488585.07608153205
 -543743.9012875279 465629.3691123272
 -543304.4280291543 442673.6621431223
 -542842.6224207209 419717.9551739174
 -542355.9642524774 396762.2482047125
 -541841.4824322345 373806.54123550764
 -541295.6405486687 350850.83426630276
 -540714.1836547481 327895.1272970979
 -540091.9293474497 304939.420327893
 -539422.4769227153 281983.7133586881
 -538697.7927493308 259028.0063894832
 -537907.6027147695 236072.2994202783
 -537038.472861701 213116.59245107337
 -536072.3639871811 190160.88548186846
 -534984.2517909945 167205.17851266355
 -533737.978473904 144249.47154345864

 -621995.6456742133 999716.7909934947
 -622028.1849865973 1922499.564627042
 -622060.5578021151 2845282.338260589
 -622092.7660301226 3768065.1118941363
 -622124.8115453866 4690847.885527683
 -622156.6961889414 5613630.659161231
 -622188.4217689215 6536413.432794778
 -622219.9900613659 7459196.206428325
 -622251.402810998 8381978.980061872
 -622282.6617319813 9304761.753695419
 -622313.7685086519 1.0227544527328966E7
 -622344.7247962293 1.1150327300962513E7
 -622375.5322215047 1.207311007459606E7
 -622406.1923835105 1.2995892848229608E7
 -622436.7068541669 1.3918675621863155E7
 -622467.0771789127 1.4841458395496702E7
 -622497.304877315 1.5764241169130249E7
 -622527.3914436622 1.6687023942763796E7
 -622557.3383475398 1.7609806716397345E7
 -622587.1470343885 1.8532589490030892E7
 -622616.8189260486 1.945537226366444E7
 -622646.3554212857 2.0378155037297986E7
 -622675.7578963046 2.1300937810931534E7
 -622705.0277052463 2.222372058456508E7
 -622734.1661806732 2.3146503358198628E7
 -622763.1746340379 2.4069286131832175E7
 -622792.0543561433 2.4992068905465722E7
 -622820.8066175854 2.591485167909927E7
 -622849.4326691871 2.6837634452732816E7
 -622877.9337424197 2.7760417226366363E7
 -622906.3110498119 2.868319999999991E7

 -539243.3203543344 999716.7909934947
 -538971.3185511675 970436.0234461867
 -538691.8409454192 941155.2558988787
 -538404.4078078737 911874.4883515707
 -538108.4925351399 882593.7208042627
 -537803.5153191822 853312.9532569547
 -537488.8357112108 824032.1857096467
 -537163.7438397764 794751.4181623387
 -536827.4499797615 765470.6506150307
 -536479.0720860899 736189.8830677227
 -536117.6207961696 706909.1155204147
 -535741.981258081 677628.3479731067
 -535350.8909425159 648347.5804257987
 -534942.9123238004 619066.8128784907
 -534516.3989368336 589786.0453311827
 -534069.452783868 560505.2777838747
 -533599.8703030401 531224.5102365667
 -533105.0730023393 501943.74268925865
 -532582.0172205555 472662.97514195065
 -532027.074992688 443382.20759464265
 -531435.8741522493 414101.44004733465
 -530803.0796959039 384820.67250002665
 -530122.0884503392 355539.90495271864
 -529384.5922051655 326259.13740541064
 -528579.9348505936 296978.36985810264
 -527694.1347091534 267697.60231079464
 -526708.3382307648 238416.8347634866
 -525596.2552894953 209136.06721617858
 -524319.6473814497 179855.29966887055
 -522819.77187049633 150574.53212156252
 -520999.46241674735 121293.76457425448

 -610088.1106062953 1222709.0575304683
 -610122.7157642688 2138058.755612783
 -610157.1304476693 3053408.453695098
 -610191.3570114209 3968758.1517774127
 -610225.3977644523 4884107.849859728
 -610259.254970923 5799457.547942042
 -610292.9308514111 6714807.246024357
 -610326.4275840601 7630156.944106672
 -610359.7473056952 8545506.642188987
 -610392.892112883 9460856.340271302
 -610425.8640629818 1.0376206038353616E7
 -610458.665175139 1.1291555736435931E7
 -610491.2974312633 1.2206905434518246E7
 -610523.7627769638 1.312225513260056E7
 -610556.0631224617 1.4037604830682876E7
 -610588.2003434683 1.495295452876519E7
 -610620.1762820408 1.5868304226847505E7
 -610651.9927474065 1.678365392492982E7
 -610683.6515167641 1.7699003623012133E7
 -610715.1543360604 1.8614353321094446E7
 -610746.5029207406 1.952970301917676E7
 -610777.6989564786 2.044505271725907E7
 -610808.7440998838 2.1360402415341385E7
 -610839.6399791864 2.2275752113423698E7
 -610870.3881949025 2.319110181150601E7
 -610900.9903204802 2.4106451509588324E7
 -610931.4479029254 2.5021801207670636E7
 -610961.7624634102 2.593715090575295E7
 -610991.9354978622 2.6852500603835262E7
 -611021.9684775384 2.7767850301917575E7
 -611051.8628495828 2.868319999999989E7

 -530203.1959053387 1222709.0575304683
 -529919.3266876998 1185995.2144319278
 -529627.6303916184 1149281.3713333872
 -529327.587593471 1112567.5282348467
 -529018.6267738389 1075853.685136306
 -528700.1170740306 1039139.8420377657
 -528371.3597494084 1002425.9989392252
 -528031.5780275777 965712.1558406848
 -527679.905000231 928998.3127421443
 -527315.3690725759 892284.4696436039
 -526936.8763541409 855570.6265450635
 -526543.1891853733 818856.783446523
 -526132.899735513 782142.9403479826
 -525704.3972485561 745429.0972494421
 -525255.8270103354 708715.2541509017
 -524785.0383912566 672001.4110523612
 -524289.5182772372 635287.5679538208
 -523766.30466226686 598573.7248552804
 -523211.8728558514 561859.8817567399
 -522621.9831811821 525146.0386581995
 -521991.4733826872 488432.195559659
 -521313.9697571119 451718.3524611185
 -520581.47555362014 415004.509362578
 -519783.7682100401 378290.6662640375
 -518907.48787270935 341576.823165497
 -517934.7055823886 304862.9800669565
 -516840.5681863742 268149.136968416
 -515589.19830880675 231435.29386987552
 -514126.0235681597 194721.45077133505
 -512361.99998957664 158007.60767279458
 -510136.6220845505 121293.7645742541

 -598572.9649909998 1482764.8153816888
 -598609.8223667854 2389445.988202296
 -598646.4610356283 3296127.1610229034
 -598682.8839190585 4202808.333843511
 -598719.0938769403 5109489.506664118
 -598755.0937092577 6016170.679484725
 -598790.8861578294 6922851.852305332
 -598826.4739079264 7829533.025125939
 -598861.8595900312 8736214.197946547
 -598897.0457810456 9642895.370767154
 -598932.0350061005 1.0549576543587761E7
 -598966.829739823 1.1456257716408368E7
 -599001.4324077476 1.2362938889228975E7
 -599035.8453876495 1.3269620062049583E7
 -599070.0710108308 1.417630123487019E7
 -599104.1115633622 1.5082982407690797E7
 -599137.9692872852 1.5989663580511404E7
 -599171.64638177 1.689634475333201E7
 -599205.1450042379 1.780302592615262E7
 -599238.4672714457 1.870970709897323E7
 -599271.6152605333 1.961638827179384E7
 -599304.5910100387 2.0523069444614448E7
 -599337.396520879 2.1429750617435057E7
 -599370.0337572998 2.2336431790255666E7
 -599402.504647795 2.3243112963076275E7
 -599434.8110859966 2.4149794135896884E7
 -599466.9549315365 2.5056475308717493E7
 -599498.9380108821 2.5963156481538102E7
 -599530.7621181452 2.686983765435871E7
 -599562.4290158655 2.777651882717932E7

 -521503.7347128176 1482764.8153816888
 -521208.51915310323 1437382.4470214408
 -520905.2212246711 1392000.078661193
 -520593.28809326194 1346617.710300945
 -520272.11043321516 1301235.341940697
 -519941.0143906739 1255852.9735804491
 -519599.252067529 1210470.6052202012
 -519245.9901867027 1165088.2368599533
 -518880.29650490434 1119705.8684997053
 -518501.12341322814 1074323.5001394574
 -518107.2879967238 1028941.1317792096
 -517697.44759369845 983558.7634189618
 -517270.06957795954 938176.395058714
 -516823.393643534 892794.0266984662
 -516355.38424228405 847411.6583382183
 -515863.6699182479 802029.2899779705
 -515345.46495271754 756646.9216177227
 -514797.4667449082 711264.5532574749
 -514215.7193123501 665882.1848972271
 -513595.42853292305 620499.8165369793
 -512930.707086268 575117.4481767315
 -512214.21433145436 529735.0798164837
 -511436.6344868726 484352.71145623585
 -510585.8973150991 438970.34309598804
 -509645.97197510663 393587.9747357402
 -508594.9186078717 348205.6063754924
 -507401.57156113064 302823.2380152446
 -506019.50970376865 257440.8696549968
 -504375.1204146189 212058.50129474897
 -502341.0821772783 166676.13293450116

 -587426.5134125925 1783901.6243595036
 -587465.8327669102 2680544.903547517
 -587504.8999990189 3577188.1827355307
 -587543.7187564018 4473831.461923544
 -587582.2926031689 5370474.741111558
 -587620.6250226577 6267118.020299572
 -587658.7194199384 7163761.299487585
 -587696.5791242195 8060404.578675599
 -587734.2073911547 8957047.857863612
 -587771.6074050704 9853691.137051625
 -587808.7822810997 1.0750334416239638E7
 -587845.7350672373 1.164697769542765E7
 -587882.46874632 1.2543620974615663E7
 -587918.9862379299 1.3440264253803676E7
 -587955.2904002306 1.4336907532991689E7
 -587991.384031731 1.5233550812179701E7
 -588027.2698729911 1.6130194091367714E7
 -588062.95060826 1.702683737055573E7
 -588098.4288670601 1.7923480649743743E7
 -588133.7072257113 1.8820123928931758E7
 -588168.7882088039 1.9716767208119772E7
 -588203.6742906187 2.0613410487307787E7
 -588238.3678964972 2.15100537664958E7
 -588272.8714041669 2.2406697045683816E7
 -588307.187145017 2.330334032487183E7
 -588341.3174053356 2.4199983604059845E7
 -588375.2644275011 2.509662688324786E7
 -588409.0304111367 2.5993270162435874E7
 -588442.6175142238 2.688991344162389E7
 -588476.0278541805 2.7786556720811903E7

 -513129.8141572029 1783901.6243595036
 -512823.3330926614 1728481.362366662
 -512508.6006054391 1673061.1003738202
 -512185.0352637682 1617640.8383809784
 -511851.99549357506 1562220.5763881367
 -511508.77085981553 1506800.314395295
 -511154.5717146104 1451380.0524024533
 -510788.5168303428 1395959.7904096115
 -510409.61852751806 1340539.5284167698
 -510016.7646621825 1285119.266423928
 -509608.69664150925 1229699.0044310864
 -509183.98236749804 1174278.7424382446
 -508740.98263603944 1118858.480445403
 -508277.8089942109 1063438.2184525612
 -507792.2703094141 1008017.9564597196
 -507281.80421517044 952597.694466878
 -506743.38798651204 897177.4324740364
 -506173.42096205684 841757.1704811947
 -505567.56686365785 786336.9084883531
 -504920.5383902782 730916.6464955115
 -504225.79670815123 675496.3845026699
 -503475.12200032204 620076.1225098283
 -502657.9824000384 564655.8605169867
 -501760.575841656 509235.598524145
 -500764.3176194237 453815.33653130336
 -499643.3379058255 398395.0745384617
 -498360.0927256019 342974.81254562
 -496857.073594581 287554.55055277835
 -495039.5356319344 232134.2885599367
 -492734.24736104166 176714.02656709502

 -576626.4624723995 2130326.922984198
 -576668.4813367776 3015422.692218055
 -576710.2082990323 3900518.4614519123
 -576751.647944575 4785614.23068577
 -576792.8047450125 5670709.999919627
 -576833.6830620071 6555805.769153484
 -576874.2871509688 7440901.538387341
 -576914.6211645956 8325997.307621199
 -576954.6891562605 9211093.076855056
 -576994.4950832562 1.0096188846088912E7
 -577034.0428099118 1.0981284615322769E7
 -577073.336110575 1.1866380384556625E7
 -577112.3786724759 1.2751476153790481E7
 -577151.1740984762 1.3636571923024338E7
 -577189.7259097073 1.4521667692258194E7
 -577228.0375481041 1.540676346149205E7
 -577266.1123788407 1.6291859230725907E7
 -577303.9536926692 1.7176954999959763E7
 -577341.5647081694 1.806205076919362E7
 -577378.9485739134 1.8947146538427476E7
 -577416.1083705456 1.9832242307661332E7
 -577453.047112787 2.071733807689519E7
 -577489.7677513626 2.1602433846129045E7
 -577526.2731748588 2.24875296153629E7
 -577562.5662115117 2.3372625384596758E7
 -577598.6496309311 2.4257721153830614E7
 -577634.526145761 2.514281692306447E7
 -577670.1984132814 2.6027912692298327E7
 -577705.6690369529 2.6913008461532183E7
 -577740.940567907 2.779810423076604E7
 -577776.0155063826 2.8683199999999896E7

 -505067.65032748797 2130326.922984198
 -504749.6078575532 2063359.1510372001
 -504423.226962369 1996391.379090202
 -504087.90091185406 1929423.607143204
 -503742.95985601074 1862455.8351962059
 -503387.66152179474 1795488.0632492078
 -503021.18014400185 1728520.2913022097
 -502642.59321098926 1661552.5193552116
 -502250.865485251 1594584.7474082136
 -501844.8295965614 1527616.9754612155
 -501423.16228482086 1460649.2035142174
 -500984.35506624024 1393681.4315672193
 -500526.67767327424 1326713.6596202212
 -500048.1320198668 1259745.8876732232
 -499546.3935826013 1192778.115726225
 -499018.73582868266 1125810.343779227
 -498461.93144276954 1058842.571832229
 -497872.12124151556 991874.7998852308
 -497244.63719633635 924907.0279382328
 -496573.75882216817 857939.2559912347
 -495852.3703549501 790971.4840442366
 -495071.4658977162 724003.7120972385
 -494219.4136842708 657035.9401502404
 -493280.82342658757 590068.1682032424
 -492234.72836523264 523100.3962562442
 -491051.51508992794 456132.6243092461
 -489687.3981916621 389164.85236224794
 -488073.6269402802 322197.0804152498
 -486092.94369855645 255229.30846825166
 -483519.4581855414 188261.53652125353
 -479821.3954519082 121293.76457425539

 -566151.7415982567 2526434.4059959967
 -566196.7308454703 3398326.592462794
 -566241.3805233197 4270218.778929591
 -566285.6964403515 5142110.965396388
 -566329.6842481548 6014003.151863186
 -566373.3494471499 6885895.338329983
 -566416.6973921139 7757787.52479678
 -566459.7332974455 8629679.711263577
 -566502.4622421958 9501571.897730373
 -566544.8891748595 1.037346408419717E7
 -566587.0189179699 1.1245356270663965E7
 -566628.8561724686 1.2117248457130762E7
 -566670.4055218995 1.2989140643597558E7
 -566711.6714364112 1.3861032830064354E7
 -566752.6582765906 1.473292501653115E7
 -566793.3702971314 1.5604817202997947E7
 -566833.811650346 1.6476709389464743E7
 -566873.9863895327 1.734860157593154E7
 -566913.8984722001 1.822049376239834E7
 -566953.5517631611 1.9092385948865138E7
 -566992.950037498 1.9964278135331936E7
 -567032.0969834097 2.0836170321798734E7
 -567070.9962049436 2.1708062508265533E7
 -567109.6512246181 2.257995469473233E7
 -567148.0654859435 2.345184688119913E7
 -567186.2423558425 2.4323739067665927E7
 -567224.1851269783 2.5195631254132725E7
 -567261.8970199912 2.6067523440599523E7
 -567299.3811856528 2.693941562706632E7
 -567336.640706935 2.781130781353312E7

 -497304.7332041356 2526434.4059959967
 -496974.48963903025 2446263.051281939
 -496635.9043353946 2366091.696567881
 -496288.3469177118 2285920.341853823
 -495931.121548532 2205748.987139765
 -495563.4571202367 2125577.6324257073
 -495184.49556766514 2045406.2777116492
 -494793.2778498602 1965234.922997591
 -494388.72701743006 1885063.568283533
 -493969.62760439154 1804892.2135694749
 -493534.60034108197 1724720.8588554168
 -493082.07085007976 1644549.5041413587
 -492610.23051842075 1564378.1494273006
 -492116.98707322485 1484206.7947132424
 -491599.90142522054 1404035.4399991843
 -491056.1059284153 1323864.0852851262
 -490482.1970786794 1243692.7305710681
 -489874.0924128803 1163521.37585701
 -489226.8362416416 1083350.021142952
 -488534.3305563919 1003178.6664288938
 -487788.9536145204 923007.3117148357
 -486981.0047712365 842835.9570007776
 -486097.87096212746 762664.6022867195
 -485122.72850683716 682493.2475726614
 -484032.4299007177 602321.8928586033
 -482793.87224052876 522150.53814454516
 -481357.3149196369 441979.18343048706
 -479642.938041073 361807.82871642895
 -477510.303384537 281636.47400237084
 -474675.39661896514 201465.11928831274
 -470407.4100135928 121293.76457425464

 -555982.3281581859 2976801.620552501
 -556030.5991839176 3833681.5665340815
 -556078.4730969877 4690561.512515662
 -556125.9573178338 5547441.458497243
 -556173.0590479054 6404321.404478824
 -556219.785278481 7261201.3504604045
 -556266.142799042 8118081.296441985
 -556312.1382052226 8974961.242423566
 -556357.7779063643 9831841.188405147
 -556403.0681326998 1.0688721134386728E7
 -556448.0149421842 1.1545601080368308E7
 -556492.6242269992 1.240248102634989E7
 -556536.9017197465 1.325936097233147E7
 -556580.8529993473 1.411624091831305E7
 -556624.4834966683 1.4973120864294631E7
 -556667.7984998856 1.5830000810276212E7
 -556710.8031596042 1.6686880756257793E7
 -556753.5024937437 1.754376070223937E7
 -556795.9013922064 1.8400640648220953E7
 -556838.0046213369 1.9257520594202533E7
 -556879.8168281846 2.0114400540184114E7
 -556921.3425445817 2.0971280486165695E7
 -556962.5861910437 2.1828160432147276E7
 -557003.5520805033 2.2685040378128856E7
 -557044.2444218862 2.3541920324110437E7
 -557084.667323536 2.4398800270092018E7
 -557124.8247964972 2.52556802160736E7
 -557164.7207576617 2.611256016205518E7
 -557204.3590327873 2.696944010803676E7
 -557243.7433593936 2.782632005401834E7

 -489829.78377006174 2976801.620552501
 -489486.36321840296 2881618.0253532263
 -489134.68948281097 2786434.4301539515
 -488774.108231303 2691250.8349546767
 -488403.89798737667 2596067.239755402
 -488023.2598726493 2500883.644556127
 -487631.3053757041 2405700.049356852
 -487227.04166705353 2310516.4541575774
 -486809.35383880604 2215332.8589583025
 -486376.9832565846 2120149.2637590277
 -485928.5009498891 2024965.6685597529
 -485462.27460493473 1929782.073360478
 -484976.4272150651 1834598.4781612032
 -484468.78471763514 1739414.8829619284
 -483936.8088925511 1644231.2877626535
 -483377.5102402948 1549047.6925633787
 -482787.33320813335 1453864.097364104
 -482162.00250857277 1358680.502164829
 -481496.3135376995 1263496.9069655542
 -480783.8405592865 1168313.3117662794
 -480016.5206051867 1073129.7165670046
 -479184.04360166617 977946.1213677296
 -478272.92920102784 882762.5261684547
 -477265.0748335132 787578.9309691797
 -476135.3639274845 692395.3357699048
 -474847.4941986926 597211.7405706298
 -473346.1538878057 502028.14537135494
 -471540.8782044301 406844.55017208005
 -469268.02300714183 311660.95497280516
 -466181.4943980985 216477.35977353028
 -461309.1066917387 121293.76457425537

 -546099.0715082232 3486188.9463986955
 -546150.9856381644 4326089.314852069
 -546202.4325984949 5165989.683305443
 -546253.4219593072 6005890.051758817
 -546303.9629811771 6845790.4202121915
 -546354.0646288166 7685690.788665566
 -546403.735583964 8525591.157118939
 -546452.9842575672 9365491.525572313
 -546501.818801663 1.0205391894025687E7
 -546550.2471184799 1.1045292262479061E7
 -546598.2768743603 1.1885192630932435E7
 -546645.9155059417 1.272509299938581E7
 -546693.1702312303 1.3564993367839184E7
 -546740.0480580379 1.4404893736292558E7
 -546786.5557923351 1.5244794104745932E7
 -546832.7000461814 1.6084694473199306E7
 -546878.4872452656 1.692459484165268E7
 -546923.9236360722 1.7764495210106052E7
 -546969.0152927025 1.8604395578559425E7
 -547013.7681233657 1.9444295947012797E7
 -547058.1878765629 2.028419631546617E7
 -547102.2801469779 2.112409668391954E7
 -547146.0503810946 2.1963997052372914E7
 -547189.503882555 2.2803897420826286E7
 -547232.645817272 2.364379778927966E7
 -547275.4812183117 2.448369815773303E7
 -547318.0149905552 2.5323598526186403E7
 -547360.2519151559 2.6163498894639775E7
 -547402.1966537988 2.7003399263093147E7
 -547443.8537527757 2.784329963154652E7
 -547485.2276468842 2.8683199999999892E7

 -482632.73514466063 3486188.9463986955
 -482274.80959671695 3374025.773671214
 -481908.8274534272 3261862.6009437325
 -481534.10751969693 3149699.428216251
 -481149.90056321904 3037536.2554887696
 -480755.37862941733 2925373.082761288
 -480349.62230706774 2813209.9100338067
 -479931.6054394552 2701046.737306325
 -479500.17662640417 2588883.564578844
 -479054.0366598648 2476720.3918513623
 -478591.7107577888 2364557.219123881
 -478111.5140748117 2252394.0463963994
 -477611.5084239328 2140230.873668918
 -477089.4473642278 2028067.7009414365
 -476542.70567517786 1915904.528213955
 -475968.1875551467 1803741.3554864735
 -475362.2053321458 1691578.182758992
 -474720.3165229444 1579415.0100315106
 -474037.10078905284 1467251.8373040291
 -473305.84803782555 1355088.6645765477
 -472518.11147114553 1242925.4918490662
 -471663.04868232383 1130762.3191215848
 -470726.41741197923 1018599.1463941034
 -469688.9830384986 906435.9736666221
 -468523.86871832586 794272.8009391407
 -467191.8748591558 682109.6282116594
 -465632.5566288282 569946.455484178
 -463745.40251250594 457783.28275669663
 -461344.06778955995 345620.1100292152
 -458017.99014241336 233456.93730173382

 -536483.5092363686 4059540.1134083
 -536539.4902711159 4880328.776294687
 -536594.918005752 5701117.439181074
 -536649.8049165871 6521906.10206746
 -536704.1630359963 7342694.764953847
 -536758.0039739376 8163483.427840234
 -536811.3389381582 8984272.090726621
 -536864.178753182 9805060.753613008
 -536916.5338781639 1.0625849416499395E7
 -536968.414423703 1.1446638079385782E7
 -537019.8301676651 1.2267426742272168E7
 -537070.7905701156 1.3088215405158555E7
 -537121.3047873968 1.3909004068044942E7
 -537171.381685421 1.4729792730931329E7
 -537221.0298522295 1.5550581393817715E7
 -537270.2576098669 1.6371370056704102E7
 -537319.0730256127 1.719215871959049E7
 -537367.4839226177 1.8012947382476877E7
 -537415.4978899764 1.8833736045363266E7
 -537463.1222922767 1.9654524708249655E7
 -537510.3642786576 2.0475313371136043E7
 -537557.2307914046 2.129610203402243E7
 -537603.7285741126 2.211689069690882E7
 -537649.8641794423 2.293767935979521E7
 -537695.6439764928 2.3758468022681598E7
 -537741.0741578167 2.4579256685567986E7
 -537786.1607460951 2.5400045348454375E7
 -537830.9096004935 2.6220834011340763E7
 -537875.3264227187 2.7041622674227152E7
 -537919.416762791 2.786241133711354E7

 -475704.74169422523 4059540.1134083
 -475330.59040088364 3928265.2351138317
 -474948.7138475472 3796990.3568193633
 -474558.397316905 3665715.478524895
 -474158.85827320657 3534440.6002304265
 -473749.2352108285 3403165.721935958
 -473328.5744022746 3271890.8436414897
 -472895.81401706045 3140615.9653470214
 -472449.76492660824 3009341.087052553
 -471989.087297811 2878066.2087580846
 -471512.2617857481 2746791.330463616
 -471017.55372901564 2615516.452169148
 -470502.9681760034 2484241.5738746794
 -469966.192744956 2352966.695580211
 -469404.52411522233 2221691.8172857426
 -468814.77215303335 2090416.9389912745
 -468193.1329480659 1959142.0606968063
 -467535.0177929654 1827867.1824023381
 -466834.818356273 1696592.30410787
 -466085.5771340456 1565317.4258134018
 -465278.51324719976 1434042.5475189337
 -464402.31996218744 1302767.6692244655
 -463442.0878478703 1171492.7909299973
 -462377.5852504139 1040217.9126355292
 -461180.3725902591 908943.034341061
 -459808.650213454 777668.1560465929
 -458197.2984456058 646393.2777521247
 -456236.46270863427 515118.3994576565
 -453718.00661779 383843.52116318827
 -450165.99611859565 252568.64286872005

 -527117.6665816997 4701984.384568421
 -527178.2178700928 5501358.238416137
 -527238.1087521524 6300732.092263853
 -527297.3556958099 7100105.946111569
 -527355.974521429 7899479.799959285
 -527413.9804364567 8698853.653807001
 -527471.3880677425 9498227.507654717
 -527528.2114917089 1.0297601361502433E7
 -527584.4642625485 1.109697521535015E7
 -527640.1594386016 1.1896349069197865E7
 -527695.3096070528 1.2695722923045581E7
 -527749.9269070833 1.3495096776893297E7
 -527804.0230515812 1.4294470630741013E7
 -527857.6093475333 1.509384448458873E7
 -527910.6967151824 1.5893218338436445E7
 -527963.295706047 1.6692592192284161E7
 -528015.4165198819 1.749196604613188E7
 -528067.0690206542 1.8291339899979595E7
 -528118.2627516049 1.909071375382731E7
 -528169.0069494584 1.9890087607675027E7
 -528219.3105578375 2.0689461461522743E7
 -528269.182239938 2.148883531537046E7
 -528318.6303905114 2.2288209169218175E7
 -528367.6631472018 2.308758302306589E7
 -528416.2884012784 2.3886956876913607E7
 -528464.5138078032 2.4686330730761323E7
 -528512.3467952677 2.548570458460904E7
 -528559.7945747346 2.6285078438456755E7
 -528606.8641485139 2.708445229230447E7
 -528653.5623184004 2.7883826146152187E7
 -528699.8956935026 2.8683199999999903E7

 -469038.2226894686 4701984.384568421
 -468645.66223485384 4549294.6972352825
 -468245.8841733711 4396605.009902144
 -467838.1277953899 4243915.322569005
 -467421.56658289494 4091225.635235866
 -466995.2964341868 3938535.947902727
 -466558.32177767635 3785846.260569588
 -466109.5390205573 3633156.5732364487
 -465647.7166169873 3480466.8859033096
 -465171.47082026047 3327777.1985701704
 -464679.2358795978 3175087.5112370313
 -464169.22701760987 3022397.823903892
 -463639.3939229326 2869708.136570753
 -463087.36162690603 2717018.449237614
 -462510.354365809 2564328.761904475
 -461905.0961387429 2411639.0745713357
 -461267.67878757603 2258949.3872381966
 -460593.3839227624 2106259.6999050574
 -459876.43779745774 1953570.0125719185
 -459109.6662936662 1800880.3252387797
 -458283.99675104854 1648190.6379056408
 -457387.7169729261 1495500.9505725019
 -456405.33382241783 1342811.263239363
 -455315.73988369765 1190121.575906224
 -454089.114414857 1037431.8885730852
 -452681.3393836836 884742.2012399463
 -451023.07441048964 732052.5139068074
 -448995.8757225232 579362.8265736685
 -446371.004417786 426673.1392405296
 -442607.5607681635 273983.4519073907

 -517983.82622749254 5418840.529838394
 -518049.5544507939 6194319.178843779
 -518114.48727659805 6969797.827849163
 -518178.646757537 7745276.476854547
 -518242.0539829249 8520755.125859931
 -518304.72913594346 9296233.774865314
 -518366.6915465591 1.0071712423870698E7
 -518427.9597405527 1.084719107287608E7
 -518488.5514850078 1.1622669721881464E7
 -518548.48383055767 1.2398148370886847E7
 -518607.77315067966 1.317362701989223E7
 -518666.43517826893 1.3949105668897614E7
 -518724.4850397318 1.4724584317902997E7
 -518781.9372867915 1.550006296690838E7
 -518838.80592619564 1.6275541615913764E7
 -518895.10444748926 1.7051020264919147E7
 -518950.8458490039 1.782649891392453E7
 -519006.04266220395 1.8601977562929913E7
 -519060.7069745106 1.9377456211935297E7
 -519114.850450721 2.015293486094068E7
 -519168.48435312527 2.0928413509946063E7
 -519221.6195604164 2.1703892158951446E7
 -519274.26658547996 2.247937080795683E7
 -519326.4355921448 2.3254849456962213E7
 -519378.1364109658 2.4030328105967596E7
 -519429.37855410686 2.480580675497298E7
 -519480.171229386 2.5581285403978363E7
 -519530.5233535391 2.6356764052983746E7
 -519580.4435647541 2.713224270198913E7
 -519629.9402345249 2.7907721350994512E7
 -519679.02147886844 2.8683199999999896E7

 -462626.9512125018 5418840.529838394
 -462213.22714250756 5242255.637662923
 -461793.03306527477 5065670.745487452
 -461365.54033436044 4889085.85331198
 -460929.85967559053 4712500.961136509
 -460485.02837611554 4535916.068961037
 -460029.9954391834 4359331.176785566
 -459563.604111967 4182746.2846100945
 -459084.5710319473 4006161.392434623
 -458591.4610132519 3829576.5002591517
 -458082.6561824418 3652991.6080836803
 -457556.31773502624 3476406.715908209
 -457010.33796072076 3299821.8237327375
 -456442.2792858217 3123236.931557266
 -455849.29576039023 2946652.0393817946
 -455228.030441832 2770067.147206323
 -454574.47910564934 2593482.255030852
 -453883.8059839705 2416897.3628553804
 -453150.0896221913 2240312.470679909
 -452365.964317915 2063727.5785044376
 -451522.1009093062 1887142.6863289662
 -450606.43185160455 1710557.7941534948
 -449602.95266166015 1533972.9019780234
 -448489.7871936403 1357388.009802552
 -447235.8970213973 1180803.1176270805
 -445795.1057225108 1004218.2254516091
 -444094.2862276115 827633.3332761377
 -442007.16814314167 651048.4411006663
 -439285.7711868062 474463.54892519495
 -435325.7173189985 297878.6567497236

 -509064.249323051 6215622.715908516
 -509135.8985309417 6964541.958711563
 -509206.57945928426 7713461.201514609
 -509276.3221473833 8462380.444317656
 -509345.1551679661 9211299.687120702
 -509413.1057243216 9960218.929923749
 -509480.19973936724 1.0709138172726795E7
 -509546.46193744073 1.1458057415529842E7
 -509611.9159195323 1.2206976658332888E7
 -509676.58423258713 1.2955895901135935E7
 -509740.48843343183 1.3704815143938981E7
 -509803.6491478338 1.4453734386742027E7
 -509866.0861251312 1.5202653629545074E7
 -509927.8182888314 1.595157287234812E7
 -509988.86378353916 1.6700492115151167E7
 -510049.24001852935 1.744941135795421E7
 -510108.96370825346 1.8198330600757256E7
 -510168.05091004004 1.89472498435603E7
 -510226.51705921977 1.9696169086363345E7
 -510284.37700188847 2.044508832916639E7
 -510341.6450254977 2.1194007571969435E7
 -510398.33488744515 2.194292681477248E7
 -510454.4598418243 2.2691846057575524E7
 -510510.0326644722 2.344076530037857E7
 -510565.0656764488 2.4189684543181613E7
 -510619.57076606347 2.4938603785984658E7
 -510673.5594095572 2.5687523028787702E7
 -510727.0426905405 2.6436442271590747E7
 -510780.03131827497 2.718536151439379E7
 -510832.5356448821 2.7934280757196836E7
 -510884.5656815553 2.868319999999988E7

 -456466.2056367869 6215622.715908516
 -456027.8295925625 6012478.417530707
 -455584.0689525079 5809334.119152898
 -455133.98908270546 5606189.820775089
 -454676.6058708598 5403045.52239728
 -454210.87089487765 5199901.224019471
 -453735.6548451627 4996756.9256416615
 -453249.7285257723 4793612.627263852
 -452751.7406091761 4590468.328886043
 -452240.1911006384 4387324.030508234
 -451713.3991558604 4184179.7321304255
 -451169.4634503519 3981035.433752617
 -450606.2126605138 3777891.135374808
 -450021.1426899508 3574746.8369969996
 -449411.3359094551 3371602.538619191
 -448773.35563057073 3168458.2402413823
 -448103.1058928788 2965313.9418635736
 -447395.6417158512 2762169.643485765
 -446644.9070135705 2559025.3451079563
 -445843.36413637653 2355881.0467301477
 -444981.4561830373 2152736.748352339
 -444046.8022257296 1949592.4499745304
 -443022.9482944015 1746448.1515967217
 -441887.3426871421 1543303.853218913
 -440607.87422650727 1340159.5548411044
 -439136.54353214946 1137015.2564632958
 -437396.8411338555 933870.958085487
 -435255.412231572 730726.6597076782
 -432446.4801478681 527582.3613298695
 -428304.5131172359 324438.0629520607

 -500340.8176581997 7098048.427577372
 -500419.3195270328 7817553.4799914565
 -500496.6273806742 8537058.53240554
 -500572.78298490867 9256563.584819624
 -500647.82580993214 9976068.637233708
 -500721.7932011838 1.0695573689647792E7
 -500794.7205342548 1.1415078742061876E7
 -500866.641355649 1.213458379447596E7
 -500937.58751093684 1.2854088846890043E7
 -501007.58926165226 1.3573593899304127E7
 -501076.67539211834 1.4293098951718211E7
 -501144.87330722687 1.5012604004132295E7
 -501212.20912210917 1.5732109056546379E7
 -501278.70774448157 1.6451614108960463E7
 -501344.3929503943 1.7171119161374547E7
 -501409.28745401255 1.7890624213788632E7
 -501473.41297199286 1.8610129266202718E7
 -501536.7902829567 1.9329634318616804E7
 -501599.4392825079 2.004913937103089E7
 -501661.3790341952 2.0768644423444975E7
 -501722.62781677675 2.148814947585906E7
 -501783.2031681088 2.2207654528273147E7
 -501843.12192594854 2.2927159580687232E7
 -501902.40026592975 2.3646664633101318E7
 -501961.0537369479 2.4366169685515404E7
 -502019.09729416505 2.508567473792949E7
 -502076.5453298281 2.5805179790343575E7
 -502133.4117020736 2.652468484275766E7
 -502189.7097618769 2.7244189895171747E7
 -502245.4523782899 2.7963694947585832E7

 -450553.01214040193 7098048.427577372
 -450085.51689694094 6865489.938810601
 -449614.213545037 6632931.45004383
 -449137.994952417 6400372.961277059
 -448655.72741721605 6167814.4725102885
 -448166.2314852731 5935255.983743518
 -447668.2618608625 5702697.494976747
 -447160.48551476735 5470139.006209976
 -446641.45699518494 5237580.517443205
 -446109.5897621587 5005022.028676434
 -445563.1220740757 4772463.539909664
 -445000.0755182934 4539905.051142893
 -444418.2036368985 4307346.562376122
 -443814.92715656804 4074788.073609351
 -443187.25093344756 3842229.5848425804
 -442531.65561641846 3609671.0960758096
 -441843.95379138645 3377112.6073090388
 -441119.0952675455 3144554.118542268
 -440350.8979145336 2911995.629775497
 -439531.66668955266 2679437.1410087263
 -438651.63967846474 2446878.6522419555
 -437698.15704043437 2214320.1634751847
 -436654.3674822797 1981761.6747084141
 -435497.1239153163 1749203.1859416435
 -434193.36937687406 1516644.697174873
 -432693.49173254176 1284086.2084081024
 -430917.9687699168 1051527.7196413318
 -428727.0643003728 818969.2308745612
 -425838.6666893391 586410.7421077907
 -421529.01803750626 353852.2533410201

 -491794.54738829174 8072048.595869198
 -491881.0982304228 8759086.97600689
 -491966.15321808425 9446125.356144581
 -492049.77189737384 1.0133163736282272E7
 -492132.01009726914 1.0820202116419964E7
 -492212.92024300905 1.1507240496557655E7
 -492292.55163647 1.2194278876695346E7
 -492370.9507076779 1.2881317256833037E7
 -492448.1612409969 1.3568355636970729E7
 -492524.2245790367 1.425539401710842E7
 -492599.1798068864 1.4942432397246111E7
 -492673.063918963 1.5629470777383802E7
 -492745.91197040095 1.6316509157521494E7
 -492817.7572147206 1.7003547537659183E7
 -492888.6312292467 1.7690585917796873E7
 -492958.56402958295 1.8377624297934562E7
 -493027.5841742852 1.906466267807225E7
 -493095.7188607348 1.975170105820994E7
 -493162.9940130982 2.043873943834763E7
 -493229.4343631543 2.112577781848532E7
 -493295.06352468097 2.181281619862301E7
 -493359.90406201547 2.24998545787607E7
 -493423.9775533355 2.3186892958898388E7
 -493487.3046491469 2.3873931339036077E7
 -493549.90512641426 2.4560969719173767E7
 -493611.7979387216 2.5248008099311456E7
 -493673.00126281404 2.5935046479449145E7
 -493733.5325418314 2.6622084859586835E7
 -493793.40852551756 2.7309123239724524E7
 -493852.6453076581 2.7996161619862214E7
 -493911.25836097565 2.8683199999999903E7

 -444886.5265511667 8072048.595869198
 -444384.09068912617 7807023.434826033
 -443880.16111505334 7541998.273782868
 -443373.3393203814 7276973.112739703
 -442862.24728110776 7011947.951696537
 -442345.49829559337 6746922.790653372
 -441821.6692687629 6481897.629610207
 -441289.27288003656 6216872.468567042
 -440746.72817110724 5951847.307523876
 -440192.32803370117 5686822.146480711
 -439624.20186908584 5421796.985437546
 -439040.2713070562 5156771.824394381
 -438438.19625975715 4891746.663351215
 -437815.30765172595 4626721.50230805
 -437168.52175602 4361696.341264885
 -436494.2289181709 4096671.18022172
 -435788.1461285143 3831646.0191785553
 -435045.11765634513 3566620.8581353906
 -434258.83944821317 3301595.697092226
 -433421.4687536919 3036570.536049061
 -432523.05574947223 2771545.375005896
 -431550.6892838177 2506520.2139627314
 -430487.1640641248 2241495.0529195666
 -429308.8058484581 1976469.8918764018
 -427981.72203787486 1711444.730833237
 -426454.8734186725 1446419.5697900723
 -424646.05841467757 1181394.4087469075
 -422409.81230222306 916369.2477037427
 -419449.1178477418 651344.0866605779
 -414985.3131518149 386318.9256174131

 -483404.88813356403 9143780.051941393
 -483501.0722403721 9795094.05021001
 -483595.34469740605 1.0446408048478628E7
 -483687.7931122147 1.1097722046747245E7
 -483778.49881318083 1.1749036045015862E7
 -483867.53745542985 1.240035004328448E7
 -483954.9795539304 1.3051664041553097E7
 -484040.8909541776 1.3702978039821714E7
 -484125.3332491403 1.4354292038090331E7
 -484208.36414976825 1.5005606036358949E7
 -484290.0378152135 1.5656920034627566E7
 -484370.4051479699 1.6308234032896183E7
 -484449.5140583849 1.69595480311648E7
 -484527.4097023151 1.7610862029433414E7
 -484604.1346951827 1.826217602770203E7
 -484679.72930522583 1.8913490025970645E7
 -484754.23162835476 1.956480402423926E7
 -484827.6777467024 2.0216118022507876E7
 -484900.10187268635 2.086743202077649E7
 -484971.53648016154 2.1518746019045107E7
 -485042.01242404553 2.2170060017313723E7
 -485111.55904962926 2.2821374015582338E7
 -485180.2042926329 2.3472688013850953E7
 -485247.97477094736 2.412400201211957E7
 -485314.8958688851 2.4775316010388184E7
 -485380.99181467283 2.54266300086568E7
 -485446.2857518359 2.6077944006925415E7
 -485510.79980504856 2.672925800519403E7
 -485574.5551409663 2.7380572003462646E7
 -485637.5720244958 2.803188600173126E7
 -485699.8698709136 2.8683199999999877E7

 -439468.64039747475 9143780.051941393
 -438923.4949801743 8843030.509029156
 -438380.3207136759 8542280.966116918
 -437837.20795940614 8241531.42320468
 -437292.36644828785 7940781.880292442
 -436744.07203135104 7640032.337380203
 -436190.62158529414 7339282.794467965
 -435630.29236558767 7038533.251555727
 -435061.30294267123 6737783.708643489
 -434481.7732601447 6437034.16573125
 -433889.6814346809 6136284.622819012
 -433282.8147169914 5835535.079906774
 -432658.711535737 5534785.5369945355
 -432014.5906790734 5234035.994082297
 -431347.26228567626 4933286.451170059
 -430653.01316123246 4632536.908257821
 -429927.4555640847 4331787.365345582
 -429165.32324267237 4031037.8224333446
 -428360.1897782091 3730288.2795211067
 -427504.06964060914 3429538.736608869
 -426586.8369029016 3128789.193696631
 -425595.3503945807 2828039.6507843933
 -424512.0861319654 2527290.1078721555
 -423312.9001442985 2226540.5649599177
 -421963.15894855536 1925791.0220476796
 -420410.5588895996 1625041.4791354416
 -418570.5166028554 1324291.9362232035
 -416292.4362858103 1023542.3933109655
 -413265.7596725576 722792.8503987275
 -408660.4625160251 422043.3074864895

 -475148.6487398126 1.0319640528073542E7
 -475256.64689254266 1.0931759177137755E7
 -475362.1383509688 1.1543877826201968E7
 -475465.25733078097 1.2155996475266181E7
 -475566.1268492192 1.2768115124330394E7
 -475664.85997790744 1.3380233773394607E7
 -475761.560921848 1.399235242245882E7
 -475856.32595311006 1.4604471071523033E7
 -475949.2442223773 1.5216589720587246E7
 -476040.39846728905 1.582870836965146E7
 -476129.86563312676 1.6440827018715672E7
 -476217.71741872904 1.7052945667779885E7
 -476304.0207583153 1.76650643168441E7
 -476388.8382481652 1.827718296590831E7
 -476472.22852565144 1.8889301614972524E7
 -476554.2466069549 1.9501420264036737E7
 -476634.9441888205 2.011353891310095E7
 -476714.3699189132 2.0725657562165163E7
 -476792.56963866367 2.1337776211229376E7
 -476869.5866019411 2.194989486029359E7
 -476945.4616724204 2.2562013509357803E7
 -477020.2335021192 2.3174132158422016E7
 -477093.9386932492 2.378625080748623E7
 -477166.61194524064 2.439836945655044E7
 -477238.28618856485 2.5010488105614655E7
 -477308.99270676676 2.5622606754678868E7
 -477378.76124795165 2.623472540374308E7
 -477447.6201268133 2.6846844052807294E7
 -477515.5963181634 2.7458962701871507E7
 -477582.71554280893 2.807108135093572E7

 -434304.9689023119 1.0319640528073542E7
 -433706.41853910824 9979695.635956898
 -433115.1774214523 9639750.743840255
 -432528.39984225 9299805.851723611
 -431943.5756068033 8959860.959606968
 -431358.41546530125 8619916.067490324
 -430770.7646702544 8279971.175373682
 -430178.5336339638 7940026.283257039
 -429579.63842844387 7600081.391140397
 -428971.9459333779 7260136.499023754
 -428353.21949424624 6920191.606907112
 -427721.0613421369 6580246.714790469
 -427072.8478921226 6240301.8226738265
 -426405.6533928367 5900356.930557184
 -425716.1561476892 5560412.038440541
 -425000.51943472616 5220467.146323899
 -424254.23588118353 4880522.254207256
 -423471.9186190104 4540577.362090614
 -422647.0136481763 4200632.469973971
 -421771.39284593024 3860687.577857328
 -420834.76092746324 3520742.685740685
 -419823.7621631856 3180797.793624042
 -418720.5819276654 2840852.901507399
 -417500.6542335094 2500908.009390756
 -416128.68557310523 2160963.117274113
 -414551.24934489664 1821018.22515747
 -412681.64394601225 1481073.333040827
 -410364.6832976412 1141128.440924184
 -407277.5476745061 801183.548807541
 -402542.4718377594 461238.6566908981
 -391295.10845930193 121293.76457425521

 -466998.2363495552 1.1606286418534081E7
 -467121.2028453997 1.2175516871249609E7
 -467240.76714848325 1.2744747323965136E7
 -467357.14625311986 1.3313977776680663E7
 -467470.5356951102 1.388320822939619E7
 -467581.1123817717 1.4452438682111718E7
 -467689.0369614688 1.5021669134827245E7
 -467794.4558208401 1.5590899587542772E7
 -467897.50277865253 1.61601300402583E7
 -467998.30053064355 1.6729360492973827E7
 -468096.9618885629 1.7298590945689354E7
 -468193.5908480755 1.786782139840488E7
 -468288.2835134676 1.843705185112041E7
 -468381.128901896 1.9006282303835936E7
 -468472.20964576723 1.9575512756551463E7
 -468561.60260854254 2.014474320926699E7
 -468649.3794266289 2.0713973661982518E7
 -468735.60698788695 2.1283204114698045E7
 -468820.34785556095 2.1852434567413572E7
 -468903.66064503056 2.24216650201291E7
 -468985.60035962553 2.2990895472844627E7
 -469066.2186907968 2.3560125925560154E7
 -469145.56428714655 2.412935637827568E7
 -469223.6829961639 2.469858683099121E7
 -469300.61808196694 2.5267817283706736E7
 -469376.4104218869 2.5837047736422263E7
 -469451.0986843485 2.640627818913779E7
 -469524.7194901678 2.6975508641853318E7
 -469597.30755911145 2.7544739094568845E7
 -469668.8958433264 2.8113969547284372E7
 -469739.51564904454 2.86831999999999E7

 -429406.5333229457 1.1606286418534081E7
 -428739.2486990578 1.1223453330068754E7
 -428087.8281189907 1.0840620241603427E7
 -427447.61880632624 1.04577871531381E7
 -426814.80267284706 1.0074954064672772E7
 -426186.11541143747 9692120.976207444
 -425558.6569640978 9309287.887742117
 -424929.75562904024 8926454.79927679
 -424296.8640782993 8543621.710811462
 -423657.4738536196 8160788.622346135
 -423009.039309069 7777955.533880807
 -422348.9042318218 7395122.44541548
 -421674.2253251371 7012289.356950153
 -420981.8867400137 6629456.268484825
 -420268.39897728997 6246623.180019498
 -419529.7736127413 5863790.0915541705
 -418761.36203575524 5480957.003088843
 -417957.64097197325 5098123.914623516
 -417111.9185572792 4715290.826158188
 -416215.9194703407 4332457.737692861
 -415259.18092739646 3949624.6492275335
 -414228.14267442207 3566791.560762206
 -413104.72091544734 3183958.4722968787
 -411863.96667340945 2801125.3838315513
 -410469.9948640457 2418292.295366224
 -408868.37833717593 2035459.2069008963
 -406970.5292763055 1652626.1184355686
 -404617.15683497896 1269793.029970241
 -401474.363633536 886959.9415049134
 -396620.23789509514 504126.8530395858
 -384621.33380260615 121293.76457425824

 -458918.53449155367 1.3010653571768641E7
 -459061.340419422 1.3533071786043016E7
 -459199.3004986551 1.4055490000317391E7
 -459332.7927859823 1.4577908214591766E7
 -459462.1499399725 1.510032642886614E7
 -459587.66643754364 1.5622744643140515E7
 -459709.6043850997 1.614516285741489E7
 -459828.1982443066 1.6667581071689265E7
 -459943.65870991896 1.718999928596364E7
 -460056.17591809115 1.7712417500238016E7
 -460165.9221209681 1.8234835714512393E7
 -460273.05393190676 1.875725392878677E7
 -460377.71422252996 1.9279672143061146E7
 -460480.0337352165 1.9802090357335523E7
 -460580.1324613935 2.03245085716099E7
 -460678.1208257984 2.0846926785884276E7
 -460774.1007089944 2.1369345000158653E7
 -460868.1663342696 2.189176321443303E7
 -460960.4050402162 2.2414181428707406E7
 -461050.8979564437 2.2936599642981783E7
 -461139.7205968268 2.345901785725616E7
 -461226.9433822254 2.3981436071530536E7
 -461312.6321026308 2.4503854285804912E7
 -461396.8483270739 2.502627250007929E7
 -461479.6497683136 2.5548690714353666E7
 -461561.09060823603 2.6071108928628042E7
 -461641.22178899986 2.659352714290242E7
 -461720.09127422003 2.7115945357176796E7
 -461797.7442838605 2.7638363571451172E7
 -461874.22350598814 2.816078178572555E7

 -424792.81112700683 1.3010653571768641E7
 -424033.62877598486 1.2581008244862162E7
 -423304.774894487 1.2151362917955682E7
 -422597.86458153394 1.1721717591049202E7
 -421906.588384257 1.1292072264142722E7
 -421225.94244334736 1.0862426937236242E7
 -420551.7674359731 1.0432781610329762E7
 -419880.4524854341 1.0003136283423282E7
 -419208.73189996206 9573490.956516802
 -418533.53556397965 9143845.629610322
 -417851.87000131037 8714200.302703843
 -417160.71539750835 8284554.975797363
 -416456.9280391406 7854909.648890883
 -415737.1394283642 7425264.321984403
 -414997.6435022077 6995618.995077923
 -414234.2621207202 6565973.668171443
 -413442.1760674234 6136328.341264963
 -412615.7035457541 5706683.014358483
 -411747.99915730685 5277037.687452003
 -410830.6309102424 4847392.360545523
 -409852.9656390496 4417747.033639044
 -408801.24354041216 3988101.706732564
 -407657.1271611994 3558456.3798260847
 -406395.3158261347 3128811.0529196053
 -404979.39031722536 2699165.726013126
 -403354.0282836466 2269520.3991066464
 -401428.95902935544 1839875.0722001668
 -399041.2201271774 1410229.745293687
 -395846.92060981726 980584.4183872074
 -390883.4922843916 550939.0914807278

 -450860.79746778886 1.453998143793052E7
 -451031.67546677525 1.5011422056666167E7
 -451195.1384933945 1.5482862675401814E7
 -451351.9216243262 1.5954303294137461E7
 -451502.64901638485 1.6425743912873108E7
 -451647.8558235999 1.6897184531608753E7
 -451788.0048617895 1.7368625150344398E7
 -451923.4994789499 1.7840065769080043E7
 -452054.69363465847 1.8311506387815688E7
 -452181.8998928643 1.8782947006551333E7
 -452305.3958317961 1.9254387625286978E7
 -452425.4292371707 1.9725828244022623E7
 -452542.22234895016 2.0197268862758268E7
 -452655.9753637787 2.0668709481493913E7
 -452766.8693461947 2.1140150100229558E7
 -452875.06866588513 2.1611590718965203E7
 -452980.72305175883 2.2083031337700848E7
 -453083.96933379024 2.2554471956436493E7
 -453184.93292858655 2.3025912575172137E7
 -453283.7291131741 2.3497353193907782E7
 -453380.4641226658 2.3968793812643427E7
 -453475.236100596 2.4440234431379072E7
 -453568.13592531846 2.4911675050114717E7
 -453659.247931605 2.5383115668850362E7
 -453748.65054319095 2.5854556287586007E7
 -453836.4168292979 2.6325996906321652E7
 -453922.61499597237 2.6797437525057297E7
 -454007.308821304 2.7268878143792942E7
 -454090.5580421374 2.7740318762528587E7
 -454172.4186987004 2.8211759381264232E7
 -454252.943442596 2.8683199999999877E7

 -420497.7760169847 1.453998143793052E7
 -419609.1020086188 1.405935851548531E7
 -418777.0877763092 1.3578735593040101E7
 -417984.917915429 1.3098112670594892E7
 -417221.25429430604 1.2617489748149682E7
 -416477.870885218 1.2136866825704472E7
 -415748.429114258 1.1656243903259262E7
 -415027.7803052565 1.1175620980814053E7
 -414311.5356021995 1.0694998058368843E7
 -413595.7806665854 1.0214375135923633E7
 -412876.87165426236 9733752.213478424
 -412151.2767179779 9253129.291033214
 -411415.4409289783 8772506.368588004
 -410665.65920173615 8291883.4461427955
 -409897.944622655 7811260.523697587
 -409107.8798001762 7330637.601252378
 -408290.43677438656 6850014.678807169
 -407439.74622420646 6369391.75636196
 -406548.78790975595 5888768.833916752
 -405608.9588132778 5408145.911471543
 -404609.44794059417 4927522.989026334
 -403536.29622407485 4446900.066581125
 -402370.92270085897 3966277.1441359166
 -401087.6994410223 3485654.221690708
 -399649.72084819234 3005031.299245499
 -398000.8596381849 2524408.3768002903
 -396049.33980279026 2043785.4543550815
 -393628.91207322583 1563162.5319098728
 -390386.67695187015 1082539.609464664
 -385322.7425264546 601916.6870194551

 -442749.00678042026 1.6201840962435815E7
 -442963.83742842346 1.6617886263687951E7
 -443165.930338199 1.7033931564940087E7
 -443356.98662382324 1.7449976866192225E7
 -443538.3679305206 1.7866022167444363E7
 -443711.1836430402 1.82820674686965E7
 -443876.35133378796 1.869811276994864E7
 -444034.639834709 1.9114158071200777E7
 -444186.70066308434 1.9530203372452915E7
 -444333.09142598347 1.9946248673705053E7
 -444474.29356727237 2.036229397495719E7
 -444610.72604035627 2.077833927620933E7
 -444742.7559921204 2.1194384577461466E7
 -444870.7072179188 2.1610429878713604E7
 -444994.86692951695 2.2026475179965742E7
 -445115.49122897454 2.244252048121788E7
 -445232.80957781157 2.2858565782470018E7
 -445347.0284774347 2.3274611083722156E7
 -445458.3345240809 2.3690656384974293E7
 -445566.8969631089 2.410670168622643E7
 -445672.86983910686 2.452274698747857E7
 -445776.3938170967 2.4938792288730707E7
 -445877.59773411794 2.5354837589982845E7
 -445976.59992826864 2.5770882891234983E7
 -446073.5093828845 2.618692819248712E7
 -446168.42671623634 2.660297349373926E7
 -446261.4450414093 2.7019018794991396E7
 -446352.6507165124 2.7435064096243534E7
 -446442.1240017847 2.7851109397495672E7
 -446529.939637287 2.826715469874781E7

 -416583.48143611284 1.6201840962435815E7
 -415497.78794612276 1.5665822722507097E7
 -414522.02426357666 1.5129804482578378E7
 -413617.8217288524 1.459378624264966E7
 -412762.95031551283 1.405776800272094E7
 -411942.96929638524 1.3521749762792222E7
 -411147.6841039745 1.2985731522863504E7
 -410369.40103289456 1.2449713282934785E7
 -409601.9693581181 1.1913695043006066E7
 -408840.20756616024 1.1377676803077348E7
 -408079.53127244225 1.0841658563148629E7
 -407315.69160379923 1.030564032321991E7
 -406544.57403453346 9769622.083291192
 -405762.02732063545 9233603.843362473
 -404963.7014978204 8697585.603433754
 -404144.87755998195 8161567.363505036
 -403300.2712360629 7625549.123576317
 -402423.78952393477 7089530.883647598
 -401508.2103806043 6553512.64371888
 -400544.74067993223 6017494.403790161
 -399522.3798853106 5481476.163861442
 -398426.9656978216 4945457.923932724
 -397239.6790377981 4409439.684004005
 -395934.5831740021 3873421.4440752864
 -394474.32543850155 3337403.2041465677
 -392802.0506583959 2801384.964217849
 -390824.6321813491 2265366.7242891304
 -388372.8744803595 1729348.4843604118
 -385085.75938822835 1193330.244431693
 -379929.21292598645 657312.0045029743
 -365683.97159258573 121293.76457425556

 -434442.5965972001 1.800416669747242E7
 -434739.3037651397 1.8360134474223334E7
 -435008.9733358845 1.871610225097425E7
 -435256.97063800646 1.9072070027725164E7
 -435487.12445815 1.942803780447608E7
 -435702.2768362867 1.9784005581226993E7
 -435904.6037994092 2.0139973357977908E7
 -436095.8137291119 2.0495941134728823E7
 -436277.2759156377 2.0851908911479738E7
 -436450.1071173981 2.1207876688230652E7
 -436615.2317355255 2.1563844464981567E7
 -436773.42479439883 2.1919812241732482E7
 -436925.3433637575 2.2275780018483397E7
 -437071.5499998082 2.263174779523431E7
 -437212.53054528165 2.2987715571985226E7
 -437348.70785958925 2.334368334873614E7
 -437480.45255866257 2.3699651125487056E7
 -437608.09152166185 2.405561890223797E7
 -437731.9147054626 2.4411586678988885E7
 -437852.1806597634 2.47675544557398E7
 -437969.1210324278 2.5123522232490715E7
 -438082.9442814888 2.547949000924163E7
 -438193.83875758015 2.5835457785992544E7
 -438301.97528212937 2.619142556274346E7
 -438407.5093182467 2.6547393339494374E7
 -438510.5828100128 2.690336111624529E7
 -438611.3257498156 2.7259328892996203E7
 -438709.85752113734 2.7615296669747118E7
 -438806.28805474937 2.7971264446498033E7
 -438900.71882893296 2.8327232223248947E7
 -438993.2437385938 2.8683199999999862E7

 -413177.28000764456 1.800416669747242E7
 -411752.81165596284 1.740807093304248E7
 -410564.8323828738 1.6811975168612543E7
 -409508.9283443039 1.6215879404182605E7
 -408537.2624447772 1.5619783639752667E7
 -407622.953933691 1.502368787532273E7
 -406748.8906102288 1.4427592110892791E7
 -405903.163615794 1.3831496346462853E7
 -405076.87705801346 1.3235400582032915E7
 -404262.96828935586 1.2639304817602977E7
 -403455.5107265691 1.204320905317304E7
 -402649.2655666285 1.1447113288743101E7
 -401839.36741012585 1.0851017524313163E7
 -401021.0813163911 1.0254921759883225E7
 -400189.59330190136 9658825.995453287
 -399339.8074325073 9062730.231023349
 -398466.1263582509 8466634.46659341
 -397562.19047945156 7870538.702163472
 -396620.54380196764 7274442.937733533
 -395632.17978757404 6678347.173303594
 -394585.8929167697 6082251.408873655
 -393467.3100354343 5486155.644443716
 -392257.3752802951 4890059.880013777
 -390929.85645543534 4293964.115583838
 -389446.9858684121 3697868.351153899
 -387751.24602530187 3101772.58672396
 -385748.2941328677 2505676.822294021
 -383266.2892291952 1909581.057864082
 -379936.8948444052 1313485.293434143
 -374694.78696014924 717389.5290042042
 -359707.79484172375 121293.76457426534

 -425590.0808418047 1.9955293702843122E7
 -426105.7309253139 2.0246223912748348E7
 -426528.7677085324 2.0537154122653574E7
 -426891.9807586783 2.08280843325588E7
 -427212.6908572997 2.1119014542464025E7
 -427501.3277962271 2.140994475236925E7
 -427764.7285051072 2.1700874962274477E7
 -428007.6515301237 2.1991805172179703E7
 -428233.56030226883 2.228273538208493E7
 -428445.0646526306 2.2573665591990154E7
 -428644.18654381763 2.286459580189538E7
 -428832.52849189925 2.3155526011800606E7
 -429011.3848835087 2.344645622170583E7
 -429181.81814916775 2.3737386431611057E7
 -429344.71243508154 2.4028316641516283E7
 -429500.8123773644 2.431924685142151E7
 -429650.75172575435 2.4610177061326735E7
 -429795.07487681974 2.490110727123196E7
 -429934.253344903 2.5192037481137186E7
 -430068.69854850124 2.5482967691042412E7
 -430198.7718684027 2.5773897900947638E7
 -430324.79265436676 2.6064828110852864E7
 -430447.0446677068 2.635575832075809E7
 -430565.7813162715 2.6646688530663315E7
 -430681.2299463344 2.693761874056854E7
 -430793.5953902207 2.7228548950473767E7
 -430903.0629209075 2.7519479160378993E7
 -431009.80072990566 2.781040937028422E7
 -431113.96201876947 2.8101339580189444E7
 -431215.6867750771 2.839226979009467E7
 -431315.1032889075 2.8683199999999896E7

 -410618.1458596607 1.9955293702843122E7
 -408461.4409611291 1.929416037156749E7
 -406938.35088766774 1.863302704029186E7
 -405671.96366643487 1.797189370901623E7
 -404549.52670265787 1.73107603777406E7
 -403518.9430517593 1.664962704646497E7
 -402550.8392068688 1.5988493715189341E7
 -401626.4818160322 1.5327360383913713E7
 -400732.81241505494 1.4666227052638084E7
 -399860.0545401137 1.4005093721362455E7
 -399000.41989403724 1.3343960390086826E7
 -398147.3398011605 1.2682827058811197E7
 -397294.9668223622 1.2021693727535568E7
 -396437.8201098019 1.136056039625994E7
 -395570.5048913393 1.069942706498431E7
 -394687.46252946166 1.0038293733708682E7
 -393782.7186553003 9377160.402433053
 -392849.59903417085 8716027.071157424
 -391880.3777192699 8054893.739881795
 -390865.8083409172 7393760.408606166
 -389794.4621804899 6732627.077330537
 -388651.74481452483 6071493.746054908
 -387418.3617284249 5410360.414779279
 -386067.79442893155 4749227.0835036505
 -384561.88616551424 4088093.7522280216
 -382842.512866806 3426960.4209523927
 -380814.23250926513 2765827.089676764
 -378302.82406553713 2104693.758401135
 -374933.3503746494 1443560.427125506
 -369611.95242545387 782427.0958498771

 -412575.5000511259 2.206399999999993E7
 -416428.47962532315 2.228463999999993E7
 -417372.5298708327 2.250527999999993E7
 -418020.45610086445 2.272591999999993E7
 -418528.2141203621 2.294655999999993E7
 -418951.61864957714 2.316719999999993E7
 -419317.7973573959 2.338783999999993E7
 -419642.2092442858 2.360847999999993E7
 -419934.5883751441 2.382911999999993E7
 -420201.5019671581 2.404975999999993E7
 -420447.6114438823 2.427039999999993E7
 -420676.35707659385 2.449103999999993E7
 -420890.357658001 2.471167999999993E7
 -421091.65744100016 2.493231999999993E7
 -421281.88584063767 2.515295999999993E7
 -421462.3646765494 2.537359999999993E7
 -421634.18249562633 2.559423999999993E7
 -421798.24748171377 2.581487999999993E7
 -421955.32600329496 2.603551999999993E7
 -422106.07126945653 2.625615999999993E7
 -422251.04501330253 2.647679999999993E7
 -422390.734159071 2.669743999999993E7
 -422525.5638142606 2.691807999999993E7
 -422655.9075253643 2.713871999999993E7
 -422782.09546610387 2.735935999999993E7
 -422904.421042771 2.757999999999993E7
 -423023.1462730397 2.780063999999993E7
 -423138.5062038969 2.802127999999993E7
 -423250.71256919106 2.824191999999993E7
 -423359.95683986077 2.846255999999993E7

 -412575.5000511259 2.206399999999993E7
 -405732.83939762524 2.1332576458819073E7
 -403667.45514388214 2.0601152917638216E7
 -402113.0609306721 1.986972937645736E7
 -400799.7300455971 1.9138305835276503E7
 -399628.45554786647 1.8406882294095647E7
 -398549.92043091054 1.767545875291479E7
 -397535.1788779009 1.6944035211733934E7
 -396565.2901796852 1.6212611670553077E7
 -395626.80066377803 1.548118812937222E7
 -394709.4795594026 1.4749764588191364E7
 -393805.0578339577 1.4018341047010507E7
 -392906.4588203367 1.328691750582965E7
 -392007.2847690469 1.2555493964648794E7
 -391101.4383233725 1.1824070423467938E7
 -390182.80934561737 1.1092646882287081E7
 -389244.9805664055 1.0361223341106225E7
 -388280.9137023889 9629799.799925368
 -387282.5757339209 8898376.258744512
 -386240.45297087106 8166952.717563656
 -385142.8740852413 7435529.176382801
 -383975.0114633995 6704105.635201945
 -382717.32799203973 5972682.094021089
 -381343.02496910735 5241258.552840234
 -379813.5776913847 4509835.011659378
 -378070.3030226249 3778411.470478522
 -376016.7614379811 3046987.929297666
 -373476.5858694582 2315564.38811681
 -370068.8805053187 1584140.846935954
 -364673.7501462375 852717.305755098

 -348219.0558614249 121293.76457425392
 -366660.47711593594 1073357.305755109
 -372262.9909247228 2025420.8469359642
 -375800.1177576363 2977484.3881168193
 -378451.9873292765 3929547.9292976744
 -380613.404045696 4881611.47047853
 -382466.0956076629 5833675.011659386
 -384109.3974207191 6785738.552840241
 -385604.0546852575 7737802.094021097
 -386990.4164362325 8689865.635201951
 -388297.15659569035 9641929.176382806
 -389545.93140719563 1.059399271756366E7
 -390754.1112389259 1.1546056258744515E7
 -391936.54827544297 1.249811979992537E7
 -393106.87175262417 1.3450183341106225E7
 -394278.6125687583 1.440224688228708E7
 -395466.4101754063 1.5354310423467934E7
 -396687.622909852 1.6306373964648789E7
 -397964.9237384799 1.7258437505829643E7
 -399331.2199759179 1.82105010470105E7
 -400840.65071660606 1.9162564588191357E7
 -402599.1062455204 2.0114628129372213E7
 -404886.95692325255 2.106669167055307E7
 -410024.46675568185 2.2018755211733926E7
 -418578.25251890114 2.2970818752914783E7
 -420050.82172517944 2.392288229409564E7
 -421040.4373019085 2.4874945835276496E7
 -421807.05770868046 2.5827009376457352E7
 -422441.1642143823 2.677907291763821E7
 -422986.1204805591 2.7731136458819065E7

 -342694.16568418156 121293.76457425392
 -361125.09063343407 1073357.305755109
 -366716.20611816074 2025420.8469359642
 -370240.90934452653 2977484.3881168193
 -372879.183082674 3929547.9292976744
 -375025.65510066744 4881611.47047853
 -376861.8388136759 5833675.011659386
 -378486.8070217802 6785738.552840241
 -379960.97945416893 7737802.094021097
 -381324.29663325904 8689865.635201951
 -382604.91238777246 9641929.176382806
 -383823.8100095364 1.059399271756366E7
 -384997.4728229579 1.1546056258744515E7
 -386139.5583483749 1.249811979992537E7
 -387262.0457373737 1.3450183341106225E7
 -388376.11723905423 1.440224688228708E7
 -389492.94528737105 1.5354310423467934E7
 -390624.5337086018 1.6306373964648789E7
 -391784.7947835799 1.7258437505829643E7
 -392991.1612827508 1.82105010470105E7
 -394267.3342798157 1.9162564588191357E7
 -395648.56750186667 2.0114628129372213E7
 -397193.2889983703 2.106669167055307E7
 -399013.5767092477 2.2018755211733926E7
 -401378.7182466576 2.2970818752914783E7
 -405174.93366428907 2.392288229409564E7
 -409836.24097678525 2.4874945835276496E7
 -412091.1456695022 2.5827009376457352E7
 -413451.61145173566 2.677907291763821E7
 -414442.55487317493 2.7731136458819065E7

 -337307.9182554862 121293.76457425392
 -355728.8230182134 1073357.305755109
 -361309.10224776523 2025420.8469359642
 -364822.0487622934 2977484.3881168193
 -367447.52235652495 3929547.9292976744
 -369580.00490064675 4881611.47047853
 -371400.8353801302 5833675.011659386
 -373008.8762898333 6785738.552840241
 -374464.2914397729 7737802.094021097
 -375806.706721543 8689865.635201951
 -377063.88472826907 9641929.176382806
 -378256.31603863754 1.059399271756366E7
 -379399.85453232285 1.1546056258744515E7
 -380507.3404777069 1.249811979992537E7
 -381589.67210365 1.3450183341106225E7
 -382656.57112128416 1.440224688228708E7
 -383717.1866515753 1.5354310423467934E7
 -384780.6356456015 1.6306373964648789E7
 -385856.5626358051 1.7258437505829643E7
 -386955.810801853 1.82105010470105E7
 -388091.33496991 1.9162564588191357E7
 -389279.57570759027 2.0114628129372213E7
 -390542.70203332783 2.106669167055307E7
 -391912.5299388846 2.2018755211733926E7
 -393437.7386610825 2.2970818752914783E7
 -395197.11026998813 2.392288229409564E7
 -397316.2334658512 2.4874945835276496E7
 -399904.71282148315 2.5827009376457352E7
 -402602.36556946824 2.677907291763821E7
 -404706.02955198195 2.7731136458819065E7

 -332054.9305354263 121293.76457425392
 -350466.2631867626 1073357.305755109
 -356036.2311735677 2025420.8469359642
 -359538.0388131161 2977484.3881168193
 -362151.4428023564 3929547.9292976744
 -364270.80419383897 4881611.47047853
 -366077.31947857805 5833675.011659386
 -367669.6819183844 6785738.552840241
 -369107.85280934226 7737802.094021097
 -370431.21369694354 8689865.635201951
 -371667.2296813458 9641929.176382806
 -372836.02552874846 1.059399271756366E7
 -373953.0003399132 1.1546056258744515E7
 -375030.4220833379 1.249811979992537E7
 -376078.4589625064 1.3450183341106225E7
 -377105.88719091663 1.440224688228708E7
 -378120.61010862095 1.5354310423467934E7
 -379130.07088758005 1.6306373964648789E7
 -380141.61445184296 1.7258437505829643E7
 -381162.8421365182 1.82105010470105E7
 -382201.99990371807 1.9162564588191357E7
 -383268.4454983272 2.0114628129372213E7
 -384373.25034573895 2.106669167055307E7
 -385530.0032854115 2.2018755211733926E7
 -386755.8724659737 2.2970818752914783E7
 -388072.8548140439 2.392288229409564E7
 -389508.54124533496 2.4874945835276496E7
 -391093.4216425431 2.5827009376457352E7
 -392844.8570544742 2.677907291763821E7
 -394720.1795701216 2.7731136458819065E7

 -326930.09597200865 121293.76457425392
 -345332.27859300905 1073357.305755109
 -350892.426396464 2025420.8469359642
 -354383.66859787935 2977484.3881168193
 -356985.6753288461 3929547.9292976744
 -359092.7073674232 4881611.47047853
 -360885.8444324167 5833675.011659386
 -362463.643026304 6785738.552840241
 -363885.9032967062 7737802.094021097
 -365191.81564976496 8689865.635201951
 -366408.6168602298 9641929.176382806
 -367556.1568483033 1.059399271756366E7
 -368649.50110776 1.1546056258744515E7
 -369700.5090025697 1.249811979992537E7
 -370718.84332921414 1.3450183341106225E7
 -371712.64841836836 1.440224688228708E7
 -372689.0282945198 1.5354310423467934E7
 -373654.40199288394 1.6306373964648789E7
 -374614.78378490754 1.7258437505829643E7
 -375576.019630807 1.82105010470105E7
 -376544.0015805722 1.9162564588191357E7
 -377524.8756005751 2.0114628129372213E7
 -378525.25265905145 2.106669167055307E7
 -379552.4242143151 2.2018755211733926E7
 -380614.56445230485 2.2970818752914783E7
 -381720.8571452419 2.392288229409564E7
 -382881.3806852545 2.4874945835276496E7
 -384106.3534745347 2.5827009376457352E7
 -385403.89436579787 2.677907291763821E7
 -386774.881446347 2.7731136458819065E7

 -321928.56692733045 121293.76457425392
 -340321.9974749136 1073357.305755109
 -345872.7849879316 2025420.8469359642
 -349353.99490222824 2977484.3881168193
 -351945.22457099456 3929547.9292976744
 -354040.6513855378 4881611.47047853
 -355821.2591091505 5833675.011659386
 -357385.4933183432 6785738.552840241
 -358793.02530388 7737802.094021097
 -360082.8950114036 8689865.635201951
 -361282.16256427823 9641929.176382806
 -362410.46927060233 1.059399271756366E7
 -363482.63274088776 1.1546056258744515E7
 -364510.2158522503 1.249811979992537E7
 -365502.5243049468 1.3450183341106225E7
 -366467.2691588879 1.440224688228708E7
 -367411.0246590041 1.5354310423467934E7
 -368339.5567960356 1.6306373964648789E7
 -369258.0681054086 1.7258437505829643E7
 -370171.38700352336 1.82105010470105E7
 -371084.1194506635 1.9162564588191357E7
 -372000.77363253396 2.0114628129372213E7
 -372925.86259369255 2.106669167055307E7
 -373863.9836156391 2.2018755211733926E7
 -374819.86463310843 2.2970818752914783E7
 -375798.35432212503 2.392288229409564E7
 -376804.30959671666 2.4874945835276496E7
 -377842.29723556037 2.5827009376457352E7
 -378915.9737951683 2.677907291763821E7
 -380026.95749893144 2.7731136458819065E7

 -317045.73843162775 121293.76457425392
 -335430.7924473191 1073357.305755109
 -340972.65090419544 2025420.8469359642
 -344444.32504220534 2977484.3881168193
 -347025.3509618931 3929547.9292976744
 -349109.83659670054 4881611.47047853
 -350878.6866743655 5833675.011659386
 -352430.25651104446 6785738.552840241
 -353824.11392709584 7737802.094021097
 -355099.17978442786 8689865.635201951
 -356282.3765872397 9641929.176382806
 -357393.18592065055 1.059399271756366E7
 -358446.239192377 1.1546056258744515E7
 -359452.8812091791 1.249811979992537E7
 -360422.16107642144 1.3450183341106225E7
 -361361.4864857135 1.440224688228708E7
 -362277.0713002722 1.5354310423467934E7
 -363174.2514017053 1.6306373964648789E7
 -364057.7137406321 1.7258437505829643E7
 -364931.6662913386 1.82105010470105E7
 -365799.9661714767 1.9162564588191357E7
 -366666.2164212426 2.0114628129372213E7
 -367533.83707311895 2.106669167055307E7
 -368406.11206686276 2.2018755211733926E7
 -369286.2094556099 2.2970818752914783E7
 -370177.16751695937 2.392288229409564E7
 -371081.8332608206 2.4874945835276496E7
 -372002.73223289393 2.5827009376457352E7
 -372941.8404558881 2.677907291763821E7
 -373900.2248117527 2.7731136458819065E7

 -312277.2331494333 121293.76457425392
 -330654.26532313565 1073357.305755109
 -336187.59956162487 2025420.8469359642
 -339650.20103430445 2977484.3881168193
 -342221.5542463015 3929547.9292976744
 -344295.70919661236 4881611.47047853
 -346053.5053846729 5833675.011659386
 -347593.22448169685 6785738.552840241
 -348974.35092281364 7737802.094021097
 -350235.7108802698 8689865.635201951
 -351404.11901191104 9641929.176382806
 -352498.93370253267 1.059399271756366E7
 -353534.64519579243 1.1546056258744515E7
 -354522.43606945407 1.249811979992537E7
 -355471.1684517854 1.3450183341106225E7
 -356388.033943726 1.440224688228708E7
 -357278.99605154985 1.5354310423467934E7
 -358149.09999604535 1.6306373964648789E7
 -359002.694773762 1.7258437505829643E7
 -359843.59517874656 1.82105010470105E7
 -360675.2012091783 1.9162564588191357E7
 -361500.5858127809 2.0114628129372213E7
 -362322.5575993725 2.106669167055307E7
 -363143.7020146175 2.2018755211733926E7
 -363966.4019554075 2.2970818752914783E7
 -364792.83657219604 2.392288229409564E7
 -365624.9548834805 2.4874945835276496E7
 -366464.41887359705 2.5827009376457352E7
 -367312.5093521347 2.677907291763821E7
 -368169.9879902936 2.7731136458819065E7

