 p z rt
 
 0.1 0.9695348573870701 1.0
 0.169 0.9475357314311312 1.0
 0.23800000000000002 0.924620240764456 1.0
 0.30700000000000005 0.9006593701465905 1.0
 0.37600000000000006 0.8754905683371246 1.0
 0.44500000000000006 0.8489041192907487 1.0
 0.514 0.8206214536256988 1.0
 0.583 0.790258687663383 1.0
 0.6519999999999999 0.7572608770321598 1.0
 0.7209999999999999 0.7207718934739883 1.0
 0.7899999999999998 0.679340931082162 1.0
 0.8589999999999998 0.6301138023594703 1.0
 0.9279999999999997 0.5656295394049189 1.0
 0.9969999999999997 0.42351004129837305 1.0
 1.0659999999999996 0.2994607516851007 1.0
 1.1349999999999996 0.3004740979242603 1.0
 1.2039999999999995 0.30678331800336484 1.0
 1.2729999999999995 0.31518719604421147 1.0
 1.3419999999999994 0.32467071247745327 1.0
 1.4109999999999994 0.33478606975574854 1.0
 1.4799999999999993 0.3452992874019609 1.0
 1.5489999999999993 0.35607455914942776 1.0
 1.6179999999999992 0.36702718162451564 1.0
 1.6869999999999992 0.37810149088621936 1.0
 1.7559999999999991 0.3892594335921623 1.0
 1.824999999999999 0.40047418605283525 1.0
 1.893999999999999 0.41172637708979754 1.0
 1.962999999999999 0.42300174468844165 1.0
 2.031999999999999 0.4342896250084281 1.0
 2.100999999999999 0.445581946163666 1.0
 2.169999999999999 0.4568725395581027 1.0
 2.238999999999999 0.46815665735439704 1.0
 2.307999999999999 0.4794306274148302 1.0
 2.376999999999999 0.49069160211082996 1.0
 2.445999999999999 0.5019373725706155 1.0
 2.514999999999999 0.5131662293913304 1.0
 2.5839999999999987 0.5243768568885949 1.0
 2.6529999999999987 0.5355682519114439 1.0
 2.7219999999999986 0.5467396608909855 1.0
 2.7909999999999986 0.5578905305865406 1.0
 2.8599999999999985 0.5690204692345229 1.0
 2.9289999999999985 0.5801292156768993 1.0
 2.9979999999999984 0.5912166146665552 1.0
 3.0669999999999984 0.6022825969943086 1.0
 3.1359999999999983 0.613327163408734 1.0
 3.2049999999999983 0.624350371540729 1.0
 3.2739999999999982 0.6353523252241311 1.0
 3.342999999999998 0.6463331657386111 1.0
 3.411999999999998 0.6572930646034049 1.0
 3.480999999999998 0.6682322176287274 1.0
 3.549999999999998 0.6791508399920565 1.0
 3.618999999999998 0.6900491621532764 1.0
 3.687999999999998 0.7009274264592961 1.0
 3.756999999999998 0.7117858843175047 1.0
 3.825999999999998 0.7226247938402117 1.0
 3.894999999999998 0.7334444178803106 1.0
 3.9639999999999977 0.744245022392891 1.0
 4.032999999999998 0.7550268750691629 1.0
 4.101999999999998 0.7657902441984451 1.0
 4.170999999999998 0.7765353977215999 1.0
 4.2399999999999975 0.7872626024454964 1.0
 4.3089999999999975 0.7979721233931598 1.0
 4.3779999999999974 0.8086642232684407 1.0
 4.446999999999997 0.8193391620174616 1.0
 4.515999999999997 0.8299971964719353 1.0
 4.584999999999997 0.8406385800618088 1.0
 4.653999999999997 0.8512635625866474 1.0
 4.722999999999997 0.8618723900367931 1.0
 4.791999999999997 0.8724653044567159 1.0
 4.860999999999997 0.8830425438441065 1.0
 4.929999999999997 0.8936043420792439 1.0
 4.998999999999997 0.9041509288799592 1.0
 5.067999999999997 0.9146825297782277 1.0
 5.136999999999997 0.9251993661149884 1.0
 5.205999999999997 0.9357016550502909 1.0
 5.274999999999997 0.9461896095862803 1.0
 5.343999999999997 0.9566634386009049 1.0
 5.412999999999997 0.967123346890519 1.0
 5.481999999999997 0.9775695352198209 1.0
 5.550999999999997 0.9880022003777934 1.0
 5.6199999999999966 0.9984215352384955 1.0
 5.6889999999999965 1.008827728825731 1.0
 5.7579999999999965 1.0192209663807437 1.0
 5.826999999999996 1.0296014294322273 1.0
 5.895999999999996 1.0399692958680316 1.0
 5.964999999999996 1.0503247400080344 1.0
 6.033999999999996 1.0606679326777446 1.0
 6.102999999999996 1.0709990412822394 1.0
 6.171999999999996 1.0813182298801198 1.0
 6.240999999999996 1.091625659257215 1.0
 6.309999999999996 1.1019214869997982 1.0
 6.378999999999996 1.1122058675671156 1.0
 6.447999999999996 1.1224789523630907 1.0
 6.516999999999996 1.1327408898070375 1.0
 6.585999999999996 1.1429918254033034 1.0
 6.654999999999996 1.1532319018097317 1.0
 6.723999999999996 1.163461258904888 1.0
 6.792999999999996 1.1736800338539846 1.0
 6.861999999999996 1.1838883611734687 1.0
 6.930999999999996 1.1940863727942383 1.0
 6.999999999999996 1.204274198123469 1.0

 0.1 0.9760474908576291 1.1
 0.169 0.9589728483498604 1.1
 0.23800000000000002 0.9414066737769838 1.1
 0.30700000000000005 0.923303748255001 1.1
 0.37600000000000006 0.9046116305900815 1.1
 0.44500000000000006 0.8852689807610595 1.1
 0.514 0.865203366490435 1.1
 0.583 0.8443283540303097 1.1
 0.6519999999999999 0.8225395946430392 1.1
 0.7209999999999999 0.7997094861871474 1.1
 0.7899999999999998 0.775679801333637 1.1
 0.8589999999999998 0.7502514352385463 1.1
 0.9279999999999997 0.7231702388378839 1.1
 0.9969999999999997 0.694108289869872 1.1
 1.0659999999999996 0.6626431535449573 1.1
 1.1349999999999996 0.6282531567842873 1.1
 1.2039999999999995 0.5904144245623726 1.1
 1.2729999999999995 0.5491554913665533 1.1
 1.3419999999999994 0.5070594286993471 1.1
 1.4109999999999994 0.47171643703066246 1.1
 1.4799999999999993 0.4495138359913969 1.1
 1.5489999999999993 0.4386424878762055 1.1
 1.6179999999999992 0.4348675736066688 1.1
 1.6869999999999992 0.4353338694472716 1.1
 1.7559999999999991 0.4384377592297993 1.1
 1.824999999999999 0.44326955157716863 1.1
 1.893999999999999 0.44928680678220434 1.1
 1.962999999999999 0.45614874483906187 1.1
 2.031999999999999 0.463631171832241 1.1
 2.100999999999999 0.4715807184667171 1.1
 2.169999999999999 0.4798889666280691 1.1
 2.238999999999999 0.4884771274207236 1.1
 2.307999999999999 0.49728658699456896 1.1
 2.376999999999999 0.506272859238482 1.1
 2.445999999999999 0.5154015941007375 1.1
 2.514999999999999 0.5246458692085336 1.1
 2.5839999999999987 0.533984307147503 1.1
 2.6529999999999987 0.5433997383530198 1.1
 2.7219999999999986 0.5528782332351382 1.1
 2.7909999999999986 0.5624083895497427 1.1
 2.8599999999999985 0.5719807996220629 1.1
 2.9289999999999985 0.5815876465016279 1.1
 2.9979999999999984 0.5912223939992036 1.1
 3.0669999999999984 0.600879546061927 1.1
 3.1359999999999983 0.610554458027498 1.1
 3.2049999999999983 0.6202431871580828 1.1
 3.2739999999999982 0.6299423732408013 1.1
 3.342999999999998 0.6396491424353088 1.1
 3.411999999999998 0.6493610292636901 1.1
 3.480999999999998 0.6590759128814319 1.1
 3.549999999999998 0.6687919646804438 1.1
 3.618999999999998 0.678507604951435 1.1
 3.687999999999998 0.6882214668393756 1.1
 3.756999999999998 0.6979323662085115 1.1
 3.825999999999998 0.7076392763252125 1.1
 3.894999999999998 0.7173413064911751 1.1
 3.9639999999999977 0.7270376839332284 1.1
 4.032999999999998 0.7367277383914852 1.1
 4.101999999999998 0.7464108889540193 1.1
 4.170999999999998 0.7560866327703843 1.1
 4.2399999999999975 0.7657545353432132 1.1
 4.3089999999999975 0.7754142221506634 1.1
 4.3779999999999974 0.7850653713955335 1.1
 4.446999999999997 0.7947077077116791 1.1
 4.515999999999997 0.8043409966866518 1.1
 4.584999999999997 0.8139650400825691 1.1
 4.653999999999997 0.8235796716561516 1.1
 4.722999999999997 0.833184753494475 1.1
 4.791999999999997 0.842780172795855 1.1
 4.860999999999997 0.8523658390360033 1.1
 4.929999999999997 0.8619416814685092 1.1
 4.998999999999997 0.8715076469161496 1.1
 5.067999999999997 0.8810636978158051 1.1
 5.136999999999997 0.8906098104850106 1.1
 5.205999999999997 0.9001459735826322 1.1
 5.274999999999997 0.9096721867399247 1.1
 5.343999999999997 0.9191884593414297 1.1
 5.412999999999997 0.9286948094378917 1.1
 5.481999999999997 0.9381912627757247 1.1
 5.550999999999997 0.9476778519295275 1.1
 5.6199999999999966 0.9571546155258807 1.1
 5.6889999999999965 0.9666215975481274 1.1
 5.7579999999999965 0.9760788467131158 1.1
 5.826999999999996 0.985526415911966 1.1
 5.895999999999996 0.9949643617079087 1.1
 5.964999999999996 1.0043927438850357 1.1
 6.033999999999996 1.0138116250425522 1.1
 6.102999999999996 1.0232210702297249 1.1
 6.171999999999996 1.0326211466172919 1.1
 6.240999999999996 1.0420119232015623 1.1
 6.309999999999996 1.0513934705378596 1.1
 6.378999999999996 1.0607658605003394 1.1
 6.447999999999996 1.0701291660655285 1.1
 6.516999999999996 1.0794834611172237 1.1
 6.585999999999996 1.0888288202706344 1.1
 6.654999999999996 1.0981653187138951 1.1
 6.723999999999996 1.107493032065244 1.1
 6.792999999999996 1.1168120362443599 1.1
 6.861999999999996 1.1261224073565057 1.1
 6.930999999999996 1.135424221588246 1.1
 6.999999999999996 1.144717555113651 1.1

 0.1 0.9808562157783417 1.2000000000000002
 0.169 0.9673368227876026 1.2000000000000002
 0.23800000000000002 0.9535478752664457 1.2000000000000002
 0.30700000000000005 0.9394739058906503 1.2000000000000002
 0.37600000000000006 0.9250981528899299 1.2000000000000002
 0.44500000000000006 0.9104024617947695 1.2000000000000002
 0.514 0.8953672001596413 1.2000000000000002
 0.583 0.8799712011274778 1.2000000000000002
 0.6519999999999999 0.8641917620967231 1.2000000000000002
 0.7209999999999999 0.8480047416287163 1.2000000000000002
 0.7899999999999998 0.8313848252284237 1.2000000000000002
 0.8589999999999998 0.8143060755801926 1.2000000000000002
 0.9279999999999997 0.79674295642969 1.2000000000000002
 0.9969999999999997 0.7786721395896781 1.2000000000000002
 1.0659999999999996 0.7600755991839154 1.2000000000000002
 1.1349999999999996 0.7409458044992174 1.2000000000000002
 1.2039999999999995 0.7212942818689312 1.2000000000000002
 1.2729999999999995 0.7011654198824544 1.2000000000000002
 1.3419999999999994 0.6806579339111181 1.2000000000000002
 1.4109999999999994 0.6599560808669247 1.2000000000000002
 1.4799999999999993 0.6393693855996152 1.2000000000000002
 1.5489999999999993 0.6193694886285332 1.2000000000000002
 1.6179999999999992 0.6005939316899573 1.2000000000000002
 1.6869999999999992 0.5837727888663888 1.2000000000000002
 1.7559999999999991 0.5695632552651242 1.2000000000000002
 1.824999999999999 0.558363235405781 1.2000000000000002
 1.893999999999999 0.550226148166953 1.2000000000000002
 1.962999999999999 0.5449210408283754 1.2000000000000002
 2.031999999999999 0.5420662170052675 1.2000000000000002
 2.100999999999999 0.5412469752197444 1.2000000000000002
 2.169999999999999 0.542082862892772 1.2000000000000002
 2.238999999999999 0.5442528647809914 1.2000000000000002
 2.307999999999999 0.5474972873863502 1.2000000000000002
 2.376999999999999 0.5516101115281118 1.2000000000000002
 2.445999999999999 0.5564290156523874 1.2000000000000002
 2.514999999999999 0.5618260673097137 1.2000000000000002
 2.5839999999999987 0.5677000026827175 1.2000000000000002
 2.6529999999999987 0.5739701499049695 1.2000000000000002
 2.7219999999999986 0.5805717599511517 1.2000000000000002
 2.7909999999999986 0.5874524539559054 1.2000000000000002
 2.8599999999999985 0.5945695253296333 1.2000000000000002
 2.9289999999999985 0.6018878859708292 1.2000000000000002
 2.9979999999999984 0.609378495002278 1.2000000000000002
 3.0669999999999984 0.6170171489635711 1.2000000000000002
 3.1359999999999983 0.6247835436519585 1.2000000000000002
 3.2049999999999983 0.6326605411814252 1.2000000000000002
 3.2739999999999982 0.6406335930557941 1.2000000000000002
 3.342999999999998 0.6486902826700712 1.2000000000000002
 3.411999999999998 0.6568199598908758 1.2000000000000002
 3.480999999999998 0.6650134471441607 1.2000000000000002
 3.549999999999998 0.6732628014325732 1.2000000000000002
 3.618999999999998 0.6815611204049759 1.2000000000000002
 3.687999999999998 0.6899023833588599 1.2000000000000002
 3.756999999999998 0.698281320125787 1.2000000000000002
 3.825999999999998 0.7066933023529722 1.2000000000000002
 3.894999999999998 0.7151342528824391 1.2000000000000002
 3.9639999999999977 0.7236005698387379 1.2000000000000002
 4.032999999999998 0.7320890627368304 1.2000000000000002
 4.101999999999998 0.7405968984649567 1.2000000000000002
 4.170999999999998 0.7491215554209579 1.2000000000000002
 4.2399999999999975 0.7576607844130423 1.2000000000000002
 4.3089999999999975 0.7662125751983339 1.2000000000000002
 4.3779999999999974 0.774775127740819 1.2000000000000002
 4.446999999999997 0.7833468274364394 1.2000000000000002
 4.515999999999997 0.791926223686324 1.2000000000000002
 4.584999999999997 0.8005120113065738 1.2000000000000002
 4.653999999999997 0.8091030143499488 1.2000000000000002
 4.722999999999997 0.8176981719855929 1.2000000000000002
 4.791999999999997 0.826296526140725 1.2000000000000002
 4.860999999999997 0.8348972106556736 1.2000000000000002
 4.929999999999997 0.8434994417427278 1.2000000000000002
 4.998999999999997 0.8521025095715968 1.2000000000000002
 5.067999999999997 0.8607057708311316 1.2000000000000002
 5.136999999999997 0.8693086421393265 1.2000000000000002
 5.205999999999997 0.877910594192327 1.2000000000000002
 5.274999999999997 0.8865111465588758 1.2000000000000002
 5.343999999999997 0.8951098630398298 1.2000000000000002
 5.412999999999997 0.9037063475235604 1.2000000000000002
 5.481999999999997 0.9123002402774751 1.2000000000000002
 5.550999999999997 0.9208912146239584 1.2000000000000002
 5.6199999999999966 0.9294789739558385 1.2000000000000002
 5.6889999999999965 0.9380632490523582 1.2000000000000002
 5.7579999999999965 0.9466437956616087 1.2000000000000002
 5.826999999999996 0.9552203923197023 1.2000000000000002
 5.895999999999996 0.9637928383806387 1.2000000000000002
 5.964999999999996 0.9723609522340319 1.2000000000000002
 6.033999999999996 0.980924569690605 1.2000000000000002
 6.102999999999996 0.9894835425177684 1.2000000000000002
 6.171999999999996 0.9980377371096587 1.2000000000000002
 6.240999999999996 1.0065870332778488 1.2000000000000002
 6.309999999999996 1.0151313231504835 1.2000000000000002
 6.378999999999996 1.0236705101690065 1.2000000000000002
 6.447999999999996 1.032204508172833 1.2000000000000002
 6.516999999999996 1.0407332405633831 1.2000000000000002
 6.585999999999996 1.0492566395398317 1.2000000000000002
 6.654999999999996 1.0577746453997368 1.2000000000000002
 6.723999999999996 1.0662872058984445 1.2000000000000002
 6.792999999999996 1.0747942756617932 1.2000000000000002
 6.861999999999996 1.0832958156472225 1.2000000000000002
 6.930999999999996 1.0917917926488667 1.2000000000000002
 6.999999999999996 1.1002821788426895 1.2000000000000002

 0.1 0.9844993358875144 1.3000000000000003
 0.169 0.9736301021326643 1.3000000000000003
 0.23800000000000002 0.962614130271379 1.3000000000000003
 0.30700000000000005 0.951447224648185 1.3000000000000003
 0.37600000000000006 0.9401252660971975 1.3000000000000003
 0.44500000000000006 0.9286442933656922 1.3000000000000003
 0.514 0.9170006112294393 1.3000000000000003
 0.583 0.9051909333572802 1.3000000000000003
 0.6519999999999999 0.8932125703988545 1.3000000000000003
 0.7209999999999999 0.8810636768759711 1.3000000000000003
 0.7899999999999998 0.8687435744061425 1.3000000000000003
 0.8589999999999998 0.8562531737142086 1.3000000000000003
 0.9279999999999997 0.843595523863852 1.3000000000000003
 0.9969999999999997 0.8307765240534831 1.3000000000000003
 1.0659999999999996 0.8178058406675248 1.3000000000000003
 1.1349999999999996 0.8046980787860798 1.3000000000000003
 1.2039999999999995 0.79147426037468 1.3000000000000003
 1.2729999999999995 0.7781636558926883 1.3000000000000003
 1.3419999999999994 0.7648059934269027 1.3000000000000003
 1.4109999999999994 0.7514540161025339 1.3000000000000003
 1.4799999999999993 0.7381762557934121 1.3000000000000003
 1.5489999999999993 0.7250597189879184 1.3000000000000003
 1.6179999999999992 0.7122119299052867 1.3000000000000003
 1.6869999999999992 0.6997614746682419 1.3000000000000003
 1.7559999999999991 0.6878559427409756 1.3000000000000003
 1.824999999999999 0.6766561753035051 1.3000000000000003
 1.893999999999999 0.666326269044999 1.3000000000000003
 1.962999999999999 0.6570199826858276 1.3000000000000003
 2.031999999999999 0.6488657766756456 1.3000000000000003
 2.100999999999999 0.641953898321782 1.3000000000000003
 2.169999999999999 0.6363288184207101 1.3000000000000003
 2.238999999999999 0.6319887127505027 1.3000000000000003
 2.307999999999999 0.628891369419796 1.3000000000000003
 2.376999999999999 0.6269641419094035 1.3000000000000003
 2.445999999999999 0.6261150837942359 1.3000000000000003
 2.514999999999999 0.6262430226966668 1.3000000000000003
 2.5839999999999987 0.6272453952918864 1.3000000000000003
 2.6529999999999987 0.6290235967051698 1.3000000000000003
 2.7219999999999986 0.6314861577863105 1.3000000000000003
 2.7909999999999986 0.6345502790987829 1.3000000000000003
 2.8599999999999985 0.6381422490878683 1.3000000000000003
 2.9289999999999985 0.6421971758340056 1.3000000000000003
 2.9979999999999984 0.6466583427703911 1.3000000000000003
 3.0669999999999984 0.6514763943502789 1.3000000000000003
 3.1359999999999983 0.6566084786801679 1.3000000000000003
 3.2049999999999983 0.6620174195281094 1.3000000000000003
 3.2739999999999982 0.667670954722453 1.3000000000000003
 3.342999999999998 0.6735410562431895 1.3000000000000003
 3.411999999999998 0.6796033347208571 1.3000000000000003
 3.480999999999998 0.6858365242721949 1.3000000000000003
 3.549999999999998 0.6922220403547389 1.3000000000000003
 3.618999999999998 0.6987436021451627 1.3000000000000003
 3.687999999999998 0.7053869109177461 1.3000000000000003
 3.756999999999998 0.7121393764609172 1.3000000000000003
 3.825999999999998 0.7189898843923791 1.3000000000000003
 3.894999999999998 0.7259285981309609 1.3000000000000003
 3.9639999999999977 0.7329467901562803 1.3000000000000003
 4.032999999999998 0.7400366979872357 1.3000000000000003
 4.101999999999998 0.7471914010179184 1.3000000000000003
 4.170999999999998 0.7544047149618165 1.3000000000000003
 4.2399999999999975 0.761671101177317 1.3000000000000003
 4.3089999999999975 0.768985588588624 1.3000000000000003
 4.3779999999999974 0.776343706286475 1.3000000000000003
 4.446999999999997 0.783741425202642 1.3000000000000003
 4.515999999999997 0.7911751075104669 1.3000000000000003
 4.584999999999997 0.7986414626188735 1.3000000000000003
 4.653999999999997 0.8061375088065372 1.3000000000000003
 4.722999999999997 0.8136605396922734 1.3000000000000003
 4.791999999999997 0.8212080948622861 1.3000000000000003
 4.860999999999997 0.8287779340789545 1.3000000000000003
 4.929999999999997 0.8363680145828649 1.3000000000000003
 4.998999999999997 0.8439764710727027 1.3000000000000003
 5.067999999999997 0.8516015980088266 1.3000000000000003
 5.136999999999997 0.8592418339378401 1.3000000000000003
 5.205999999999997 0.866895747578878 1.3000000000000003
 5.274999999999997 0.8745620254489941 1.3000000000000003
 5.343999999999997 0.8822394608360861 1.3000000000000003
 5.412999999999997 0.8899269439541327 1.3000000000000003
 5.481999999999997 0.8976234531379288 1.3000000000000003
 5.550999999999997 0.9053280469535989 1.3000000000000003
 5.6199999999999966 0.9130398571174903 1.3000000000000003
 5.6889999999999965 0.9207580821299985 1.3000000000000003
 5.7579999999999965 0.9284819815428804 1.3000000000000003
 5.826999999999996 0.9362108707888975 1.3000000000000003
 5.895999999999996 0.9439441165115163 1.3000000000000003
 5.964999999999996 0.9516811323400596 1.3000000000000003
 6.033999999999996 0.9594213750623238 1.3000000000000003
 6.102999999999996 0.9671643411524409 1.3000000000000003
 6.171999999999996 0.9749095636167369 1.3000000000000003
 6.240999999999996 0.9826566091247093 1.3000000000000003
 6.309999999999996 0.9904050753960014 1.3000000000000003
 6.378999999999996 0.9981545888175982 1.3000000000000003
 6.447999999999996 1.0059048022683275 1.3000000000000003
 6.516999999999996 1.013655393130315 1.3000000000000003
 6.585999999999996 1.02140606146926 1.3000000000000003
 6.654999999999996 1.0291565283673534 1.3000000000000003
 6.723999999999996 1.0369065343944035 1.3000000000000003
 6.792999999999996 1.0446558382042315 1.3000000000000003
 6.861999999999996 1.0524042152447879 1.3000000000000003
 6.930999999999996 1.0601514565715797 1.3000000000000003
 6.999999999999996 1.0678973677551067 1.3000000000000003

 0.1 0.9873184335990965 1.4000000000000004
 0.169 0.9784752631611615 1.4000000000000004
 0.23800000000000002 0.9695560402172161 1.4000000000000004
 0.30700000000000005 0.9605608822548889 1.4000000000000004
 0.37600000000000006 0.9514902309629415 1.4000000000000004
 0.44500000000000006 0.9423449191483784 1.4000000000000004
 0.514 0.9331262500007145 1.4000000000000004
 0.583 0.9238360908633837 1.4000000000000004
 0.6519999999999999 0.9144769839816181 1.4000000000000004
 0.7209999999999999 0.9050522770091993 1.4000000000000004
 0.7899999999999998 0.8955662763467581 1.4000000000000004
 0.8589999999999998 0.886024426608131 1.4000000000000004
 0.9279999999999997 0.8764335196005135 1.4000000000000004
 0.9969999999999997 0.866801936056048 1.4000000000000004
 1.0659999999999996 0.8571399228178187 1.4000000000000004
 1.1349999999999996 0.8474599070529939 1.4000000000000004
 1.2039999999999995 0.8377768470592981 1.4000000000000004
 1.2729999999999995 0.8281086159908125 1.4000000000000004
 1.3419999999999994 0.8184764099339908 1.4000000000000004
 1.4109999999999994 0.8089051647761019 1.4000000000000004
 1.4799999999999993 0.7994239568757788 1.4000000000000004
 1.5489999999999993 0.7900663506003488 1.4000000000000004
 1.6179999999999992 0.7808706418552411 1.4000000000000004
 1.6869999999999992 0.7718799323109359 1.4000000000000004
 1.7559999999999991 0.7631419570759552 1.4000000000000004
 1.824999999999999 0.7547085836953241 1.4000000000000004
 1.893999999999999 0.7466349085912194 1.4000000000000004
 1.962999999999999 0.7389779045477068 1.4000000000000004
 2.031999999999999 0.7317946233176706 1.4000000000000004
 2.100999999999999 0.7251400288258874 1.4000000000000004
 2.169999999999999 0.7190646179598424 1.4000000000000004
 2.238999999999999 0.7136120579408125 1.4000000000000004
 2.307999999999999 0.7088171079350041 1.4000000000000004
 2.376999999999999 0.704704079017316 1.4000000000000004
 2.445999999999999 0.7012860166374644 1.4000000000000004
 2.514999999999999 0.6985646783595805 1.4000000000000004
 2.5839999999999987 0.6965312565292037 1.4000000000000004
 2.6529999999999987 0.6951676931263783 1.4000000000000004
 2.7219999999999986 0.6944483749347967 1.4000000000000004
 2.7909999999999986 0.6943419871674925 1.4000000000000004
 2.8599999999999985 0.6948133335929608 1.4000000000000004
 2.9289999999999985 0.695824983760285 1.4000000000000004
 2.9979999999999984 0.6973386657463754 1.4000000000000004
 3.0669999999999984 0.6993163734844208 1.4000000000000004
 3.1359999999999983 0.7017211950674116 1.4000000000000004
 3.2049999999999983 0.704517891550841 1.4000000000000004
 3.2739999999999982 0.707673266905145 1.4000000000000004
 3.342999999999998 0.7111563722723921 1.4000000000000004
 3.411999999999998 0.7149385848632943 1.4000000000000004
 3.480999999999998 0.7189935963097437 1.4000000000000004
 3.549999999999998 0.7232973388657213 1.4000000000000004
 3.618999999999998 0.7278278716098656 1.4000000000000004
 3.687999999999998 0.732565243299991 1.4000000000000004
 3.756999999999998 0.7374913439696208 1.4000000000000004
 3.825999999999998 0.7425897537425781 1.4000000000000004
 3.894999999999998 0.7478455945751282 1.4000000000000004
 3.9639999999999977 0.7532453885776078 1.4000000000000004
 4.032999999999998 0.7587769250766484 1.4000000000000004
 4.101999999999998 0.7644291375262041 1.4000000000000004
 4.170999999999998 0.7701919906523959 1.4000000000000004
 4.2399999999999975 0.7760563777366576 1.4000000000000004
 4.3089999999999975 0.7820140276364294 1.4000000000000004
 4.3779999999999974 0.7880574209614204 1.4000000000000004
 4.446999999999997 0.7941797147283975 1.4000000000000004
 4.515999999999997 0.8003746747807053 1.4000000000000004
 4.584999999999997 0.8066366152604427 1.4000000000000004
 4.653999999999997 0.8129603444471508 1.4000000000000004
 4.722999999999997 0.8193411163172528 1.4000000000000004
 4.791999999999997 0.8257745872264263 1.4000000000000004
 4.860999999999997 0.8322567771681466 1.4000000000000004
 4.929999999999997 0.8387840351127374 1.4000000000000004
 4.998999999999997 0.8453530079805927 1.4000000000000004
 5.067999999999997 0.851960612849654 1.4000000000000004
 5.136999999999997 0.8586040120401798 1.4000000000000004
 5.205999999999997 0.8652805907590332 1.4000000000000004
 5.274999999999997 0.8719879370212237 1.4000000000000004
 5.343999999999997 0.8787238235982958 1.4000000000000004
 5.412999999999997 0.885486191771654 1.4000000000000004
 5.481999999999997 0.8922731366942713 1.4000000000000004
 5.550999999999997 0.8990828941867305 1.4000000000000004
 5.6199999999999966 0.9059138288134699 1.4000000000000004
 5.6889999999999965 0.9127644231027224 1.4000000000000004
 5.7579999999999965 0.9196332677891961 1.4000000000000004
 5.826999999999996 0.9265190529722513 1.4000000000000004
 5.895999999999996 0.9334205600944593 1.4000000000000004
 5.964999999999996 0.9403366546560848 1.4000000000000004
 6.033999999999996 0.947266279590457 1.4000000000000004
 6.102999999999996 0.9542084492335086 1.4000000000000004
 6.171999999999996 0.9611622438280796 1.4000000000000004
 6.240999999999996 0.9681268045100733 1.4000000000000004
 6.309999999999996 0.9751013287292647 1.4000000000000004
 6.378999999999996 0.9820850660626215 1.4000000000000004
 6.447999999999996 0.9890773143824807 1.4000000000000004
 6.516999999999996 0.9960774163458833 1.4000000000000004
 6.585999999999996 1.0030847561748903 1.4000000000000004
 6.654999999999996 1.0100987567008273 1.4000000000000004
 6.723999999999996 1.0171188766481594 1.4000000000000004
 6.792999999999996 1.0241446081361896 1.4000000000000004
 6.861999999999996 1.031175474378938 1.4000000000000004
 6.930999999999996 1.0382110275655365 1.4000000000000004
 6.999999999999996 1.0452508469051989 1.4000000000000004

 0.1 0.9895389502272597 1.5000000000000004
 0.169 0.9822769047458105 1.5000000000000004
 0.23800000000000002 0.97498056290361 1.5000000000000004
 0.30700000000000005 0.9676515801562241 1.5000000000000004
 0.37600000000000006 0.960291911659327 1.5000000000000004
 0.44500000000000006 0.9529038513144383 1.5000000000000004
 0.514 0.9454900754393553 1.5000000000000004
 0.583 0.9380536914768574 1.5000000000000004
 0.6519999999999999 0.930598292139874 1.5000000000000004
 0.7209999999999999 0.9231280153514292 1.5000000000000004
 0.7899999999999998 0.915647610263906 1.5000000000000004
 0.8589999999999998 0.9081625095225762 1.5000000000000004
 0.9279999999999997 0.900678907758319 1.5000000000000004
 0.9969999999999997 0.8932038460364377 1.5000000000000004
 1.0659999999999996 0.8857453016322194 1.5000000000000004
 1.1349999999999996 0.878312282027164 1.5000000000000004
 1.2039999999999995 0.8709149214000239 1.5000000000000004
 1.2729999999999995 0.8635645771038296 1.5000000000000004
 1.3419999999999994 0.8562739226609315 1.5000000000000004
 1.4109999999999994 0.849057032673586 1.5000000000000004
 1.4799999999999993 0.8419294537618299 1.5000000000000004
 1.5489999999999993 0.8349082542621169 1.5000000000000004
 1.6179999999999992 0.8280120440561705 1.5000000000000004
 1.6869999999999992 0.82126095471645 1.5000000000000004
 1.7559999999999991 0.8146765693866527 1.5000000000000004
 1.824999999999999 0.8082817917603855 1.5000000000000004
 1.893999999999999 0.802100644517602 1.5000000000000004
 1.962999999999999 0.7961579899590491 1.5000000000000004
 2.031999999999999 0.7904791695923594 1.5000000000000004
 2.100999999999999 0.7850895651330051 1.5000000000000004
 2.169999999999999 0.7800140905595738 1.5000000000000004
 2.238999999999999 0.7752766329033052 1.5000000000000004
 2.307999999999999 0.7708994673709167 1.5000000000000004
 2.376999999999999 0.7669026789276955 1.5000000000000004
 2.445999999999999 0.7633036262722588 1.5000000000000004
 2.514999999999999 0.7601164841320269 1.5000000000000004
 2.5839999999999987 0.7573518954857803 1.5000000000000004
 2.6529999999999987 0.7550167569530517 1.5000000000000004
 2.7219999999999986 0.7531141492624118 1.5000000000000004
 2.7909999999999986 0.7516434121274134 1.5000000000000004
 2.8599999999999985 0.7506003508844443 1.5000000000000004
 2.9289999999999985 0.7499775526365112 1.5000000000000004
 2.9979999999999984 0.7497647834267678 1.5000000000000004
 3.0669999999999984 0.7499494355770886 1.5000000000000004
 3.1359999999999983 0.7505169954091242 1.5000000000000004
 3.2049999999999983 0.7514515053186442 1.5000000000000004
 3.2739999999999982 0.7527359995562343 1.5000000000000004
 3.342999999999998 0.7543528990625475 1.5000000000000004
 3.411999999999998 0.7562843564899264 1.5000000000000004
 3.480999999999998 0.7585125475601824 1.5000000000000004
 3.549999999999998 0.7610199088764388 1.5000000000000004
 3.618999999999998 0.7637893251609104 1.5000000000000004
 3.687999999999998 0.7668042707175253 1.5000000000000004
 3.756999999999998 0.7700489108886519 1.5000000000000004
 3.825999999999998 0.7735081695893617 1.5000000000000004
 3.894999999999998 0.7771677688543354 1.5000000000000004
 3.9639999999999977 0.7810142458888285 1.5000000000000004
 4.032999999999998 0.7850349525081525 1.5000000000000004
 4.101999999999998 0.7892180411770494 1.5000000000000004
 4.170999999999998 0.7935524411873935 1.5000000000000004
 4.2399999999999975 0.7980278278813577 1.5000000000000004
 4.3089999999999975 0.802634587260371 1.5000000000000004
 4.3779999999999974 0.8073637778276319 1.5000000000000004
 4.446999999999997 0.8122070910947365 1.5000000000000004
 4.515999999999997 0.8171568118368895 1.5000000000000004
 4.584999999999997 0.8222057788992538 1.5000000000000004
 4.653999999999997 0.827347347130894 1.5000000000000004
 4.722999999999997 0.832575350844186 1.5000000000000004
 4.791999999999997 0.837884069058477 1.5000000000000004
 4.860999999999997 0.8432681926800869 1.5000000000000004
 4.929999999999997 0.8487227936901812 1.5000000000000004
 4.998999999999997 0.8542432963523559 1.5000000000000004
 5.067999999999997 0.8598254504085163 1.5000000000000004
 5.136999999999997 0.865465306201221 1.5000000000000004
 5.205999999999997 0.8711591916401257 1.5000000000000004
 5.274999999999997 0.8769036909172053 1.5000000000000004
 5.343999999999997 0.8826956248681249 1.5000000000000004
 5.412999999999997 0.8885320328740637 1.5000000000000004
 5.481999999999997 0.8944101561982852 1.5000000000000004
 5.550999999999997 0.9003274226539497 1.5000000000000004
 5.6199999999999966 0.9062814325033093 1.5000000000000004
 5.6889999999999965 0.9122699454931575 1.5000000000000004
 5.7579999999999965 0.9182908689366404 1.5000000000000004
 5.826999999999996 0.9243422467571527 1.5000000000000004
 5.895999999999996 0.9304222494157269 1.5000000000000004
 5.964999999999996 0.9365291646489731 1.5000000000000004
 6.033999999999996 0.942661388950113 1.5000000000000004
 6.102999999999996 0.9488174197309149 1.5000000000000004
 6.171999999999996 0.9549958481073314 1.5000000000000004
 6.240999999999996 0.9611953522563296 1.5000000000000004
 6.309999999999996 0.9674146912957898 1.5000000000000004
 6.378999999999996 0.9736526996434172 1.5000000000000004
 6.447999999999996 0.9799082818143854 1.5000000000000004
 6.516999999999996 0.9861804076208862 1.5000000000000004
 6.585999999999996 0.9924681077399727 1.5000000000000004
 6.654999999999996 0.998770469618986 1.5000000000000004
 6.723999999999996 1.0050866336905497 1.5000000000000004
 6.792999999999996 1.0114157898715541 1.5000000000000004
 6.861999999999996 1.0177571743227878 1.5000000000000004
 6.930999999999996 1.0241100664479141 1.5000000000000004
 6.999999999999996 1.0304737861123394 1.5000000000000004

 0.1 0.9913145919245699 1.6000000000000005
 0.169 0.985307727655493 1.6000000000000005
 0.23800000000000002 0.9792915932500673 1.6000000000000005
 0.30700000000000005 0.9732682493168607 1.6000000000000005
 0.37600000000000006 0.9672399822949926 1.6000000000000005
 0.44500000000000006 0.9612093250061087 1.6000000000000005
 0.514 0.955179078688365 1.6000000000000005
 0.583 0.9491523365145077 1.6000000000000005
 0.6519999999999999 0.9431325085622176 1.6000000000000005
 0.7209999999999999 0.9371233481608465 1.6000000000000005
 0.7899999999999998 0.931128979482583 1.6000000000000005
 0.8589999999999998 0.925153926175939 1.6000000000000005
 0.9279999999999997 0.9192031407531759 1.6000000000000005
 0.9969999999999997 0.9132820343389845 1.6000000000000005
 1.0659999999999996 0.907396506263774 1.6000000000000005
 1.1349999999999996 0.9015529728403773 1.6000000000000005
 1.2039999999999995 0.8957583944979521 1.6000000000000005
 1.2729999999999995 0.8900203002629958 1.6000000000000005
 1.3419999999999994 0.8843468083785808 1.6000000000000005
 1.4109999999999994 0.8787466416459495 1.6000000000000005
 1.4799999999999993 0.8732291358679094 1.6000000000000005
 1.5489999999999993 0.8678042395858443 1.6000000000000005
 1.6179999999999992 0.8624825031513017 1.6000000000000005
 1.6869999999999992 0.8572750550835418 1.6000000000000005
 1.7559999999999991 0.8521935636651264 1.6000000000000005
 1.824999999999999 0.8472501818503195 1.6000000000000005
 1.893999999999999 0.8424574738376128 1.6000000000000005
 1.962999999999999 0.8378283221160406 1.6000000000000005
 2.031999999999999 0.8333758144536386 1.6000000000000005
 2.100999999999999 0.8291131111585104 1.6000000000000005
 2.169999999999999 0.8250532939896622 1.6000000000000005
 2.238999999999999 0.8212091992801429 1.6000000000000005
 2.307999999999999 0.817593239083895 1.6000000000000005
 2.376999999999999 0.8142172153673948 1.6000000000000005
 2.445999999999999 0.8110921333151855 1.6000000000000005
 2.514999999999999 0.808228020575799 1.6000000000000005
 2.5839999999999987 0.8056337596238998 1.6000000000000005
 2.6529999999999987 0.803316940269769 1.6000000000000005
 2.7219999999999986 0.8012837386718888 1.6000000000000005
 2.7909999999999986 0.7995388280269862 1.6000000000000005
 2.8599999999999985 0.7980853245121634 1.6000000000000005
 2.9289999999999985 0.7969247701774417 1.6000000000000005
 2.9979999999999984 0.7960571525106521 1.6000000000000005
 3.0669999999999984 0.7954809585058011 1.6000000000000005
 3.1359999999999983 0.795193259431733 1.6000000000000005
 3.2049999999999983 0.7951898212168804 1.6000000000000005
 3.2739999999999982 0.795465234654286 1.6000000000000005
 3.342999999999998 0.796013059123428 1.6000000000000005
 3.411999999999998 0.7968259738554659 1.6000000000000005
 3.480999999999998 0.7978959310567648 1.6000000000000005
 3.549999999999998 0.7992143060257346 1.6000000000000005
 3.618999999999998 0.8007720402624285 1.6000000000000005
 3.687999999999998 0.8025597745256193 1.6000000000000005
 3.756999999999998 0.8045679697257745 1.6000000000000005
 3.825999999999998 0.8067870143970427 1.6000000000000005
 3.894999999999998 0.8092073182288806 1.6000000000000005
 3.9639999999999977 0.8118193917390724 1.6000000000000005
 4.032999999999998 0.8146139126313818 1.6000000000000005
 4.101999999999998 0.8175817797110279 1.6000000000000005
 4.170999999999998 0.8207141554450256 1.6000000000000005
 4.2399999999999975 0.824002498371166 1.6000000000000005
 4.3089999999999975 0.8274385865990153 1.6000000000000005
 4.3779999999999974 0.8310145336278049 1.6000000000000005
 4.446999999999997 0.834722797646395 1.6000000000000005
 4.515999999999997 0.8385561853938086 1.6000000000000005
 4.584999999999997 0.8425078515566786 1.6000000000000005
 4.653999999999997 0.8465712945710308 1.6000000000000005
 4.722999999999997 0.8507403495866824 1.6000000000000005
 4.791999999999997 0.8550091792475514 1.6000000000000005
 4.860999999999997 0.8593722628433339 1.6000000000000005
 4.929999999999997 0.8638243842988929 1.6000000000000005
 4.998999999999997 0.8683606193881387 1.6000000000000005
 5.067999999999997 0.8729763224892351 1.6000000000000005
 5.136999999999997 0.8776671131372977 1.6000000000000005
 5.205999999999997 0.8824288625788057 1.6000000000000005
 5.274999999999997 0.8872576804878645 1.6000000000000005
 5.343999999999997 0.8921499019675109 1.6000000000000005
 5.412999999999997 0.8971020749284724 1.6000000000000005
 5.481999999999997 0.9021109479124825 1.6000000000000005
 5.550999999999997 0.9071734584065678 1.6000000000000005
 5.6199999999999966 0.9122867216779895 1.6000000000000005
 5.6889999999999965 0.9174480201461725 1.6000000000000005
 5.7579999999999965 0.9226547932973397 1.6000000000000005
 5.826999999999996 0.9279046281393644 1.6000000000000005
 5.895999999999996 0.9331952501879668 1.6000000000000005
 5.964999999999996 0.9385245149706825 1.6000000000000005
 6.033999999999996 0.9438904000315071 1.6000000000000005
 6.102999999999996 0.9492909974167097 1.6000000000000005
 6.171999999999996 0.9547245066206888 1.6000000000000005
 6.240999999999996 0.9601892279697932 1.6000000000000005
 6.309999999999996 0.9656835564215991 1.6000000000000005
 6.378999999999996 0.971205975757111 1.6000000000000005
 6.447999999999996 0.9767550531436218 1.6000000000000005
 6.516999999999996 0.9823294340464936 1.6000000000000005
 6.585999999999996 0.9879278374687962 1.6000000000000005
 6.654999999999996 0.9935490514985292 1.6000000000000005
 6.723999999999996 0.9991919291440612 1.6000000000000005
 6.792999999999996 1.0048553844393284 1.6000000000000005
 6.861999999999996 1.0105383888012978 1.6000000000000005
 6.930999999999996 1.016239967623163 1.6000000000000005
 6.999999999999996 1.0219591970876891 1.6000000000000005

 0.1 0.9927530691457189 1.7000000000000006
 0.169 0.9877571508852645 1.7000000000000006
 0.23800000000000002 0.9827670020954182 1.7000000000000006
 0.30700000000000005 0.9777846347229039 1.7000000000000006
 0.37600000000000006 0.9728122191420003 1.7000000000000006
 0.44500000000000006 0.967852094355222 1.7000000000000006
 0.514 0.9629067785274016 1.7000000000000006
 0.583 0.9579789797916384 1.7000000000000006
 0.6519999999999999 0.953071607246706 1.7000000000000006
 0.7209999999999999 0.9481877820435993 1.7000000000000006
 0.7899999999999998 0.9433308484337056 1.7000000000000006
 0.8589999999999998 0.9385043846225305 1.7000000000000006
 0.9279999999999997 0.9337122132409199 1.7000000000000006
 0.9969999999999997 0.928958411210439 1.7000000000000006
 1.0659999999999996 0.9242473187413559 1.7000000000000006
 1.1349999999999996 0.9195835471610577 1.7000000000000006
 1.2039999999999995 0.9149719852286992 1.7000000000000006
 1.2729999999999995 0.9104178035497092 1.7000000000000006
 1.3419999999999994 0.9059264566632597 1.7000000000000006
 1.4109999999999994 0.9015036823392554 1.7000000000000006
 1.4799999999999993 0.897155497591633 1.7000000000000006
 1.5489999999999993 0.8928881908952113 1.7000000000000006
 1.6179999999999992 0.888708310087873 1.7000000000000006
 1.6869999999999992 0.8846226454527477 1.7000000000000006
 1.7559999999999991 0.8806382075107608 1.7000000000000006
 1.824999999999999 0.876762199116668 1.7000000000000006
 1.893999999999999 0.8730019815452985 1.7000000000000006
 1.962999999999999 0.8693650343818291 1.7000000000000006
 2.031999999999999 0.8658589091916293 1.7000000000000006
 2.100999999999999 0.8624911771403624 1.7000000000000006
 2.169999999999999 0.8592693709597194 1.7000000000000006
 2.238999999999999 0.8562009219012894 1.7000000000000006
 2.307999999999999 0.8532930925801959 1.7000000000000006
 2.376999999999999 0.8505529068676232 1.7000000000000006
 2.445999999999999 0.8479870782309639 1.7000000000000006
 2.514999999999999 0.8456019381243036 1.7000000000000006
 2.5839999999999987 0.8434033661823405 1.7000000000000006
 2.6529999999999987 0.841396724051445 1.7000000000000006
 2.7219999999999986 0.8395867946896638 1.7000000000000006
 2.7909999999999986 0.8379777288756395 1.7000000000000006
 2.8599999999999985 0.8365730004839054 1.7000000000000006
 2.9289999999999985 0.8353753718173227 1.7000000000000006
 2.9979999999999984 0.8343868699502721 1.7000000000000006
 3.0669999999999984 0.8336087746484707 1.7000000000000006
 3.1359999999999983 0.8330416180171275 1.7000000000000006
 3.2049999999999983 0.8326851956149048 1.7000000000000006
 3.2739999999999982 0.8325385883823776 1.7000000000000006
 3.342999999999998 0.8326001943931416 1.7000000000000006
 3.411999999999998 0.8328677691611217 1.7000000000000006
 3.480999999999998 0.8333384730402229 1.7000000000000006
 3.549999999999998 0.8340089241372503 1.7000000000000006
 3.618999999999998 0.8348752551238553 1.7000000000000006
 3.687999999999998 0.8359331723515069 1.7000000000000006
 3.756999999999998 0.8371780159297139 1.7000000000000006
 3.825999999999998 0.8386048190268203 1.7000000000000006
 3.894999999999998 0.8402083659287932 1.7000000000000006
 3.9639999999999977 0.8419832472196798 1.7000000000000006
 4.032999999999998 0.8439239117484179 1.7000000000000006
 4.101999999999998 0.8460247146958447 1.7000000000000006
 4.170999999999998 0.8482799613984922 1.7000000000000006
 4.2399999999999975 0.8506839467307299 1.7000000000000006
 4.3089999999999975 0.8532309899894472 1.7000000000000006
 4.3779999999999974 0.8559154653430655 1.7000000000000006
 4.446999999999997 0.858731828000242 1.7000000000000006
 4.515999999999997 0.8616746363241973 1.7000000000000006
 4.584999999999997 0.8647385701684601 1.7000000000000006
 4.653999999999997 0.8679184457416989 1.7000000000000006
 4.722999999999997 0.8712092273260589 1.7000000000000006
 4.791999999999997 0.8746060361777951 1.7000000000000006
 4.860999999999997 0.878104156933787 1.7000000000000006
 4.929999999999997 0.8816990418350429 1.7000000000000006
 4.998999999999997 0.8853863130607111 1.7000000000000006
 5.067999999999997 0.8891617634451073 1.7000000000000006
 5.136999999999997 0.8930213558273443 1.7000000000000006
 5.205999999999997 0.8969612212593973 1.7000000000000006
 5.274999999999997 0.900977656274761 1.7000000000000006
 5.343999999999997 0.905067119396878 1.7000000000000006
 5.412999999999997 0.9092262270447091 1.7000000000000006
 5.481999999999997 0.9134517489724631 1.7000000000000006
 5.550999999999997 0.9177406033617747 1.7000000000000006
 5.6199999999999966 0.9220898516676099 1.7000000000000006
 5.6889999999999965 0.9264966933038694 1.7000000000000006
 5.7579999999999965 0.9309584602410471 1.7000000000000006
 5.826999999999996 0.9354726115762168 1.7000000000000006
 5.895999999999996 0.940036728125099 1.7000000000000006
 5.964999999999996 0.9446485070767401 1.7000000000000006
 6.033999999999996 0.9493057567433715 1.7000000000000006
 6.102999999999996 0.9540063914311958 1.7000000000000006
 6.171999999999996 0.9587484264519925 1.7000000000000006
 6.240999999999996 0.9635299732904816 1.7000000000000006
 6.309999999999996 0.9683492349381988 1.7000000000000006
 6.378999999999996 0.9732045014011457 1.7000000000000006
 6.447999999999996 0.9780941453855396 1.7000000000000006
 6.516999999999996 0.9830166181636196 1.7000000000000006
 6.585999999999996 0.9879704456194771 1.7000000000000006
 6.654999999999996 0.9929542244733011 1.7000000000000006
 6.723999999999996 0.997966618681164 1.7000000000000006
 6.792999999999996 1.003006356006472 1.7000000000000006
 6.861999999999996 1.0080722247584428 1.7000000000000006
 6.930999999999996 1.013163070692396 1.7000000000000006
 6.999999999999996 1.0182777940662244 1.7000000000000006

 0.1 0.9939316543438476 1.8000000000000007
 0.169 0.9897601288992496 1.8000000000000007
 0.23800000000000002 0.9856033054719444 1.8000000000000007
 0.30700000000000005 0.9814629823600268 1.8000000000000007
 0.37600000000000006 0.9773410655024184 1.8000000000000007
 0.44500000000000006 0.9732395732304875 1.8000000000000007
 0.514 0.9691606409799316 1.8000000000000007
 0.583 0.9651065259125005 1.8000000000000007
 0.6519999999999999 0.9610796113888107 1.8000000000000007
 0.7209999999999999 0.9570824112244908 1.8000000000000007
 0.7899999999999998 0.9531175736522344 1.8000000000000007
 0.8589999999999998 0.949187884902134 1.8000000000000007
 0.9279999999999997 0.945296272302072 1.8000000000000007
 0.9969999999999997 0.9414458067891301 1.8000000000000007
 1.0659999999999996 0.9376397047122481 1.8000000000000007
 1.1349999999999996 0.9338813287960119 1.8000000000000007
 1.2039999999999995 0.9301741881259231 1.8000000000000007
 1.2729999999999995 0.9265219370072849 1.8000000000000007
 1.3419999999999994 0.9229283725435131 1.8000000000000007
 1.4109999999999994 0.9193974307759151 1.8000000000000007
 1.4799999999999993 0.9159331812265004 1.8000000000000007
 1.5489999999999993 0.9125398196889921 1.8000000000000007
 1.6179999999999992 0.909221659121678 1.8000000000000007
 1.6869999999999992 0.9059831185099002 1.8000000000000007
 1.7559999999999991 0.9028287095865348 1.8000000000000007
 1.824999999999999 0.8997630213263501 1.8000000000000007
 1.893999999999999 0.8967907021650914 1.8000000000000007
 1.962999999999999 0.8939164399366022 1.8000000000000007
 2.031999999999999 0.89114493957108 1.8000000000000007
 2.100999999999999 0.8884808986539877 1.8000000000000007
 2.169999999999999 0.8859289810071466 1.8000000000000007
 2.238999999999999 0.8834937885193953 1.8000000000000007
 2.307999999999999 0.88117983152185 1.8000000000000007
 2.376999999999999 0.8789914980695608 1.8000000000000007
 2.445999999999999 0.8769330225542245 1.8000000000000007
 2.514999999999999 0.8750084541283437 1.8000000000000007
 2.5839999999999987 0.8732216254664504 1.8000000000000007
 2.6529999999999987 0.8715761224205942 1.8000000000000007
 2.7219999999999986 0.8700752551424353 1.8000000000000007
 2.7909999999999986 0.8687220312408641 1.8000000000000007
 2.8599999999999985 0.8675191315208124 1.8000000000000007
 2.9289999999999985 0.866468888805626 1.8000000000000007
 2.9979999999999984 0.865573270282894 1.8000000000000007
 3.0669999999999984 0.8648338637340873 1.8000000000000007
 3.1359999999999983 0.8642518679148072 1.8000000000000007
 3.2049999999999983 0.8638280872488948 1.8000000000000007
 3.2739999999999982 0.8635629308906744 1.8000000000000007
 3.342999999999998 0.8634564161001357 1.8000000000000007
 3.411999999999998 0.863508175770662 1.8000000000000007
 3.480999999999998 0.8637174698525386 1.8000000000000007
 3.549999999999998 0.864083200331673 1.8000000000000007
 3.618999999999998 0.8646039293546481 1.8000000000000007
 3.687999999999998 0.8652779000403406 1.8000000000000007
 3.756999999999998 0.8661030594856509 1.8000000000000007
 3.825999999999998 0.8670770834582379 1.8000000000000007
 3.894999999999998 0.8681974022714711 1.8000000000000007
 3.9639999999999977 0.8694612273541953 1.8000000000000007
 4.032999999999998 0.8708655780580347 1.8000000000000007
 4.101999999999998 0.8724073082852307 1.8000000000000007
 4.170999999999998 0.8740831325675075 1.8000000000000007
 4.2399999999999975 0.8758896512782604 1.8000000000000007
 4.3089999999999975 0.8778233747151174 1.8000000000000007
 4.3779999999999974 0.8798807458419927 1.8000000000000007
 4.446999999999997 0.8820581615361168 1.8000000000000007
 4.515999999999997 0.8843519922263676 1.8000000000000007
 4.584999999999997 0.8867585998613052 1.8000000000000007
 4.653999999999997 0.8892743541793596 1.8000000000000007
 4.722999999999997 0.8918956472880919 1.8000000000000007
 4.791999999999997 0.8946189065875396 1.8000000000000007
 4.860999999999997 0.8974406060955136 1.8000000000000007
 4.929999999999997 0.9003572762496598 1.8000000000000007
 4.998999999999997 0.9033655122744195 1.8000000000000007
 5.067999999999997 0.9064619812097902 1.8000000000000007
 5.136999999999997 0.9096434277042529 1.8000000000000007
 5.205999999999997 0.9129066786764845 1.8000000000000007
 5.274999999999997 0.9162486469505461 1.8000000000000007
 5.343999999999997 0.9196663339670952 1.8000000000000007
 5.412999999999997 0.9231568316696388 1.8000000000000007
 5.481999999999997 0.9267173236600997 1.8000000000000007
 5.550999999999997 0.9303450857124799 1.8000000000000007
 5.6199999999999966 0.9340374857273444 1.8000000000000007
 5.6889999999999965 0.9377919832035047 1.8000000000000007
 5.7579999999999965 0.9416061282969106 1.8000000000000007
 5.826999999999996 0.9454775605303651 1.8000000000000007
 5.895999999999996 0.9494040072114978 1.8000000000000007
 5.964999999999996 0.9533832816105456 1.8000000000000007
 6.033999999999996 0.9574132809438092 1.8000000000000007
 6.102999999999996 0.9614919842035201 1.8000000000000007
 6.171999999999996 0.9656174498698826 1.8000000000000007
 6.240999999999996 0.9697878135366619 1.8000000000000007
 6.309999999999996 0.9740012854775719 1.8000000000000007
 6.378999999999996 0.9782561481770197 1.8000000000000007
 6.447999999999996 0.9825507538454357 1.8000000000000007
 6.516999999999996 0.9868835219364162 1.8000000000000007
 6.585999999999996 0.9912529366802386 1.8000000000000007
 6.654999999999996 0.9956575446459334 1.8000000000000007
 6.723999999999996 1.0000959523420256 1.8000000000000007
 6.792999999999996 1.004566823864182 1.8000000000000007
 6.861999999999996 1.009068878596424 1.8000000000000007
 6.930999999999996 1.0136008889711337 1.8000000000000007
 6.999999999999996 1.0181616782918774 1.8000000000000007

 0.1 0.9949069243793558 1.9000000000000008
 0.169 0.9914149273199829 1.9000000000000008
 0.23800000000000002 0.9879427634778769 1.9000000000000008
 0.30700000000000005 0.9844919757105975 1.9000000000000008
 0.37600000000000006 0.9810641787579347 1.9000000000000008
 0.44500000000000006 0.9776610612228 1.9000000000000008
 0.514 0.9742843874213596 1.9000000000000008
 0.583 0.9709359990708754 1.9000000000000008
 0.6519999999999999 0.9676178167804959 1.9000000000000008
 0.7209999999999999 0.9643318413069638 1.9000000000000008
 0.7899999999999998 0.9610801545339253 1.9000000000000008
 0.8589999999999998 0.9578649201303181 1.9000000000000008
 0.9279999999999997 0.9546883838402702 1.9000000000000008
 0.9969999999999997 0.9515528733541383 1.9000000000000008
 1.0659999999999996 0.9484607977078949 1.9000000000000008
 1.1349999999999996 0.9454146461561665 1.9000000000000008
 1.2039999999999995 0.9424169864629511 1.9000000000000008
 1.2729999999999995 0.9394704625536192 1.9000000000000008
 1.3419999999999994 0.9365777914723452 1.9000000000000008
 1.4109999999999994 0.9337417595908375 1.9000000000000008
 1.4799999999999993 0.9309652180173296 1.9000000000000008
 1.5489999999999993 0.9282510771593893 1.9000000000000008
 1.6179999999999992 0.9256023004004234 1.9000000000000008
 1.6869999999999992 0.9230218968578737 1.9000000000000008
 1.7559999999999991 0.9205129132011869 1.9000000000000008
 1.824999999999999 0.9180784245196654 1.9000000000000008
 1.893999999999999 0.915721524244345 1.9000000000000008
 1.962999999999999 0.9134453131439353 1.9000000000000008
 2.031999999999999 0.9112528874324838 1.9000000000000008
 2.100999999999999 0.9091473260454903 1.9000000000000008
 2.169999999999999 0.9071316771613398 1.9000000000000008
 2.238999999999999 0.9052089440656769 1.9000000000000008
 2.307999999999999 0.9033820704771536 1.9000000000000008
 2.376999999999999 0.9016539254731768 1.9000000000000008
 2.445999999999999 0.9000272881731647 1.9000000000000008
 2.514999999999999 0.898504832353634 1.9000000000000008
 2.5839999999999987 0.8970891111834265 1.9000000000000008
 2.6529999999999987 0.8957825422778054 1.9000000000000008
 2.7219999999999986 0.8945873932763618 1.9000000000000008
 2.7909999999999986 0.8935057681511402 1.9000000000000008
 2.8599999999999985 0.8925395944477091 1.9000000000000008
 2.9289999999999985 0.8916906116528871 1.9000000000000008
 2.9979999999999984 0.8909603608684971 1.9000000000000008
 3.0669999999999984 0.8903501759511012 1.9000000000000008
 3.1359999999999983 0.8898611762536321 1.9000000000000008
 3.2049999999999983 0.8894942610768435 1.9000000000000008
 3.2739999999999982 0.8892501059074706 1.9000000000000008
 3.342999999999998 0.8891291604868182 1.9000000000000008
 3.411999999999998 0.8891316487194084 1.9000000000000008
 3.480999999999998 0.889257570397324 1.9000000000000008
 3.549999999999998 0.8895067046831802 1.9000000000000008
 3.618999999999998 0.8898786152642224 1.9000000000000008
 3.687999999999998 0.8903726570628085 1.9000000000000008
 3.756999999999998 0.8909879843652033 1.9000000000000008
 3.825999999999998 0.8917235602117659 1.9000000000000008
 3.894999999999998 0.8925781668775294 1.9000000000000008
 3.9639999999999977 0.8935504172630064 1.9000000000000008
 4.032999999999998 0.8946387670107372 1.9000000000000008
 4.101999999999998 0.8958415271633176 1.9000000000000008
 4.170999999999998 0.8971568771830436 1.9000000000000008
 4.2399999999999975 0.8985828781613847 1.9000000000000008
 4.3089999999999975 0.9001174860575417 1.9000000000000008
 4.3779999999999974 0.9017585648189013 1.9000000000000008
 4.446999999999997 0.9035038992514288 1.9000000000000008
 4.515999999999997 0.9053512075244472 1.9000000000000008
 4.584999999999997 0.907298153211219 1.9000000000000008
 4.653999999999997 0.9093423567837556 1.9000000000000008
 4.722999999999997 0.9114814064967836 1.9000000000000008
 4.791999999999997 0.9137128686117366 1.9000000000000008
 4.860999999999997 0.9160342969262346 1.9000000000000008
 4.929999999999997 0.9184432415881394 1.9000000000000008
 4.998999999999997 0.9209372571851038 1.9000000000000008
 5.067999999999997 0.9235139101224467 1.9000000000000008
 5.136999999999997 0.9261707852234433 1.9000000000000008
 5.205999999999997 0.92890549179988 1.9000000000000008
 5.274999999999997 0.9317156688345638 1.9000000000000008
 5.343999999999997 0.9345989896896234 1.9000000000000008
 5.412999999999997 0.9375531661414077 1.9000000000000008
 5.481999999999997 0.9405759518570409 1.9000000000000008
 5.550999999999997 0.9436651453377067 1.9000000000000008
 5.6199999999999966 0.9468185923678896 1.9000000000000008
 5.6889999999999965 0.9500341880088073 1.9000000000000008
 5.7579999999999965 0.9533098781744658 1.9000000000000008
 5.826999999999996 0.9566436608275926 1.9000000000000008
 5.895999999999996 0.9600335868315334 1.9000000000000008
 5.964999999999996 0.9634777604926286 1.9000000000000008
 6.033999999999996 0.9669743398258986 1.9000000000000008
 6.102999999999996 0.970521536574817 1.9000000000000008
 6.171999999999996 0.9741176160140523 1.9000000000000008
 6.240999999999996 0.9777608965620758 1.9000000000000008
 6.309999999999996 0.9814497492283731 1.9000000000000008
 6.378999999999996 0.9851825969180374 1.9000000000000008
 6.447999999999996 0.9889579136146323 1.9000000000000008
 6.516999999999996 0.9927742234602808 1.9000000000000008
 6.585999999999996 0.9966300997501221 1.9000000000000008
 6.654999999999996 1.0005241638566482 1.9000000000000008
 6.723999999999996 1.0044550840978208 1.9000000000000008
 6.792999999999996 1.0084215745613547 1.9000000000000008
 6.861999999999996 1.0124223938962382 1.9000000000000008
 6.930999999999996 1.016456344081234 1.9000000000000008
 6.999999999999996 1.020522269178987 1.9000000000000008

